    0.000000000    0.533083264    0.533046424
    0.129104852    0.533016018    0.533020450
    0.258209704    0.532950436    0.532994452
    0.387314556    0.532883219    0.532968475
    0.516419408    0.532817584    0.532942475
    0.645524260    0.532750432    0.532916493
    0.774629112    0.532724552    0.532890491
    0.903733964    0.532723909    0.532864505
    1.032838816    0.532724470    0.532838502
    1.161943668    0.532723958    0.532814243
    1.291048520    0.532724369    0.532792859
    1.420153372    0.532724013    0.532774369
    1.549258224    0.532724252    0.532758759
    1.678363076    0.532724069    0.532746038
    1.807467928    0.532724123    0.532736201
    1.936572780    0.532724123    0.532729249
    2.065677632    0.532723986    0.532725187
    2.194782484    0.532724169    0.532724003
    2.323887336    0.532723845    0.532723982
    2.452992188    0.532724204    0.532723948
    2.582097040    0.532723705    0.532723925
    2.711201892    0.532724224    0.532723885
    2.840306744    0.532723568    0.532723861
    2.969411596    0.532724223    0.532723815
    3.098516448    0.532723439    0.532723788
    3.227621300    0.532724199    0.532723736
    3.356726152    0.532723319    0.532723706
    3.485831004    0.532724148    0.532723649
    3.614935856    0.532723210    0.532723614
    3.744040708    0.532724068    0.532723551
    3.873145560    0.532723113    0.532723510
    4.002250412    0.532723958    0.532723442
    4.131355264    0.532723027    0.532723393
    4.260460116    0.532723815    0.532723318
    4.389564968    0.532722950    0.532723260
    4.518669820    0.532723639    0.532723178
    4.647774672    0.532722877    0.532723107
    4.776879524    0.532723429    0.532723016
    4.905984376    0.532722804    0.532722930
    5.035089228    0.532723185    0.532722827
    5.164194080    0.532722724    0.532722722
    5.293298932    0.532722905    0.532722602
    5.422403784    0.532722626    0.532722473
    5.551508636    0.532722588    0.532722332
    5.680613488    0.532722500    0.532722171
    5.809718340    0.532722229    0.532722000
    5.938823192    0.532722330    0.532721797
    6.067928044    0.532721819    0.532721585
    6.197032896    0.532722096    0.532721327
    6.326137748    0.532721347    0.532721057
    6.455242600    0.532721772    0.532720727
    6.584347452    0.532720795    0.532720377
    6.713452304    0.532721328    0.532719948
    6.842557156    0.532720132    0.532719486
    6.971662008    0.532720718    0.532718923
    7.100766860    0.532719315    0.532718306
    7.229871712    0.532719886    0.532717560
    7.358976564    0.532718286    0.532716728
    7.488081416    0.532718755    0.532715743
    7.617186268    0.532716958    0.532714649
    7.746291120    0.532717217    0.532713353
    7.875395972    0.532715206    0.532711884
    8.004500824    0.532715125    0.532710144
    8.133605676    0.532712861    0.532708140
    8.262710528    0.532712279    0.532705767
    8.391815380    0.532709683    0.532703003
    8.520920232    0.532708395    0.532699735
    8.650025084    0.532705335    0.532695900
    8.779129936    0.532703097    0.532691367
    8.908234788    0.532699688    0.532686024
    9.037339640    0.532696643    0.532679714
    9.166444492    0.532692304    0.532672257
    9.295549344    0.532687556    0.532663454
    9.424654196    0.532681752    0.532653041
    9.553759048    0.532674694    0.532640756
    9.682863900    0.532666752    0.532626219
    9.811968752    0.532656570    0.532609078
    9.941073604    0.532645537    0.532588805
   10.070178456    0.532631108    0.532564913
   10.199283308    0.532615636    0.532536685
   10.328388160    0.532595402    0.532503443
   10.457493012    0.532573617    0.532464205
   10.586597864    0.532545443    0.532418022
   10.715702716    0.532514766    0.532363600
   10.844807568    0.532475703    0.532299632
   10.973912420    0.532432564    0.532224393
   11.103017272    0.532378523    0.532136088
   11.232122124    0.532318018    0.532032421
   11.361226976    0.532243406    0.531910936
   11.490331828    0.532158885    0.531768586
   11.619436680    0.532056092    0.531602037
   11.748541532    0.531938536    0.531407251
   11.877646384    0.531797206    0.531179739
   12.006751236    0.531634428    0.530914129
   12.135856088    0.531440597    0.530604345
   12.264960940    0.531216294    0.530243238
   12.394065792    0.530951270    0.529822628
   12.523170644    0.530643667    0.529332986
   12.652275496    0.530282404    0.528763305
   12.781380348    0.529862415    0.528100837
   12.910485200    0.529371491    0.527330734
   13.039590052    0.528800483    0.526435838
   13.168694904    0.528135563    0.525396056
   13.297799756    0.527362618    0.524188167
   13.426904608    0.526464591    0.522784869
   13.556009460    0.525420401    0.521154520
   13.685114312    0.524209326    0.519259769
   13.814219164    0.522801656    0.517057173
   13.943324016    0.521170803    0.514495378
   14.072428868    0.519275869    0.511514630
   14.201533720    0.517081238    0.508044492
   14.330638572    0.514531057    0.504003169
   14.459743424    0.511576261    0.499294568
   14.588848276    0.508141119    0.493807091
   14.717953128    0.504157086    0.487409660
   14.847057980    0.499521341    0.479949508
   14.976162832    0.494136413    0.471246714
   15.105267684    0.487861311    0.461090232
   15.234372536    0.480556599    0.449229756
   15.363477388    0.472029978    0.435368205
   15.492582240    0.462086454    0.419148465
   15.621687092    0.450469237    0.400138933
   15.750791944    0.436911988    0.377810649
   15.879896796    0.421073667    0.351509296
   16.009001648    0.402588517    0.320413042
   16.138106500    0.380994660    0.283478374
   16.267211352    0.355779121    0.239379113
   16.396316204    0.326300322    0.186521173
   16.525421056    0.291821314    0.123188285
   16.654525908    0.251418378    0.047735122
   16.783630760    0.203985988   -0.040978745
   16.912735612    0.148116766   -0.143169452
   17.041840464    0.082056635   -0.257890366
   17.170945316    0.003530707   -0.382921022
   17.300050168   -0.090400053   -0.514982293
   17.429155020   -0.203637594   -0.650066116
   17.558259872   -0.341356223   -0.783781641
   17.687364724   -0.510125924   -0.911776250
   17.816469576   -0.716211288   -1.030142731
   17.945574428   -0.962519996   -1.135745732
   18.074679280   -1.247561448   -1.226540444
   18.203784132   -1.559862352   -1.301692982
   18.332888984   -1.878356278   -1.361411603
   18.461993836   -2.176494565   -1.406678099
   18.591098688   -2.425235845   -1.438786495
   18.720203540   -2.600497249   -1.458966068
   18.849308392   -2.685854256   -1.468198577
   18.978413244   -2.672868558   -1.467055431
   19.107518096   -2.562881364   -1.455668500
   19.236622948   -2.366649934   -1.433727402
   19.365727800   -2.102568701   -1.400548394
   19.494832652   -1.796457064   -1.355254021
   19.623937504   -1.477089980   -1.296995825
   19.753042356   -1.169542304   -1.225408304
   19.882147208   -0.893012646   -1.141050315
   20.011252060   -0.656436472   -1.045662737
   20.140356912   -0.460599461   -0.942306388
   20.269461764   -0.302747769   -0.835177245
   20.398566616   -0.177345228   -0.729323934
   20.527671468   -0.079456815   -0.630357354
   20.656776320   -0.005480682   -0.544079897
   20.785881172    0.046905895   -0.476005954
   20.914986024    0.079250592   -0.430880956
   21.044090876    0.092377071   -0.412103517
   21.173195728    0.086650624   -0.421123660
   21.302300580    0.061877456   -0.457281072
   21.431405432    0.017419733   -0.517855436
   21.560510284   -0.048039804   -0.598518526
   21.689615136   -0.136526977   -0.693980341
   21.818719988   -0.251228093   -0.798473266
   21.947824840   -0.396637210   -0.906250782
   22.076929692   -0.578499854   -1.012000389
   22.206034544   -0.800949242   -1.111163456
   22.335139396   -1.064693748   -1.200209608
   22.464244248   -1.364575983   -1.276895106
   22.593349100   -1.684553269   -1.340236742
   22.722453952   -2.001162783   -1.390287190
   22.851558804   -2.286223011   -1.427787305
   22.980663656   -2.511687530   -1.453674162
   23.109768508   -2.656221208   -1.468795567
   23.238873360   -2.706085054   -1.473731229
   23.367978212   -2.656228095   -1.468671205
   23.497083064   -2.511697771   -1.453414562
   23.626187916   -2.286231236   -1.427370671
   23.755292768   -2.001155601   -1.389680976
   23.884397620   -1.684515851   -1.339397297
   24.013502472   -1.364480556   -1.275767560
   24.142607324   -1.064509679   -1.198726606
   24.271712176   -0.800625187   -1.109244048
   24.400817028   -0.577977990   -1.009547012
   24.529921880   -0.395832102   -0.903146079
   24.659026732   -0.250047208   -0.794573642
   24.788131584   -0.134847549   -0.689108561
   24.917236436   -0.045734408   -0.592454016
   25.046341288    0.020509619   -0.510340834
   25.175446140    0.065913759   -0.448046292
   25.304550992    0.091830856   -0.409916800
   25.433655844    0.098907981   -0.398764678
   25.562760696    0.087388672   -0.415400415
   25.691865548    0.056936044   -0.458558225
   25.820970400    0.006808810   -0.525037323
   25.950075252   -0.064466066   -0.610249344
   26.079180104   -0.159055157   -0.708787831
   26.208284956   -0.280388196   -0.814903279
   26.337389808   -0.433173559   -0.922970690
   26.466494660   -0.623094574   -1.027865390
   26.595599512   -0.853456768   -1.125265813
   26.724704364   -1.124177288   -1.211933318
   26.853809216   -1.428017042   -1.285938057
   26.982914068   -1.747102505   -1.346563612
   27.112018920   -2.057139313   -1.394063810
   27.241123772   -2.329644443   -1.429255344
   27.370228624   -2.537854475   -1.453037315
   27.499333476   -2.662217297   -1.466142170
   27.628438328   -2.690702525   -1.468953779
   27.757543180   -2.620397984   -1.461413779
   27.886648032   -2.458312515   -1.443025507
   28.015752884   -2.219700106   -1.412867030
   28.144857736   -1.927438871   -1.369740164
   28.273962588   -1.610278128   -1.312346888
   28.403067440   -1.295479781   -1.239625200
   28.532172292   -1.005115896   -1.151226491
   28.661277144   -0.752469231   -1.047809001
   28.790381996   -0.540176523   -0.931227755
   28.919486848   -0.365877731   -0.804468546
   29.048591700   -0.223722160   -0.671338500
   29.177696552   -0.106968197   -0.536144929
   29.306801404   -0.010243310   -0.403301148
   29.435906256    0.070550397   -0.276899390
   29.565011108    0.138461159   -0.160353539
   29.694115960    0.195868047   -0.056070825
   29.823220812    0.244581782    0.034802827
   29.952325664    0.286067801    0.112315608
   30.081430516    0.321462957    0.177483816
   30.210535368    0.351724216    0.231907641
   30.339640220    0.377607347    0.277308065
   30.468745072    0.399773746    0.315307982
   30.597849924    0.418749610    0.347280347
   30.726954776    0.435008986    0.374308220
   30.856059628    0.448927905    0.397244305
   30.985164480    0.460854469    0.416765477
   31.114269332    0.471063561    0.433418428
   31.243374184    0.479815859    0.447648142
   31.372479036    0.487314190    0.459822570
   31.501583888    0.493752895    0.470247257
   31.630688740    0.499278729    0.479179533
   31.759793592    0.504033238    0.486836143
   31.888898444    0.508120366    0.493401827
   32.018003296    0.511642219    0.499033402
   32.147108148    0.514672898    0.503865374
   32.276213000    0.517286649    0.508012306
   32.405317852    0.519537345    0.511572779
   32.534422704    0.521479036    0.514630812
   32.663527556    0.523151457    0.517258681
   32.792632408    0.524593639    0.519517827
   32.921737260    0.525835594    0.521460961
   33.050842112    0.526905303    0.523132786
   33.179946964    0.527826248    0.524571621
   33.309051816    0.528618076    0.525810030
   33.438156668    0.529299971    0.526875989
   33.567261520    0.529884973    0.527793393
   33.696366372    0.530388422    0.528582808
   33.825471224    0.530818791    0.529261894
   33.954576076    0.531189227    0.529845833
   34.083680927    0.531504536    0.530347744
   34.212785779    0.531776219    0.530778879
   34.341890631    0.532006264    0.531149034
   34.470995483    0.532204875    0.531466573
   34.600100335    0.532371946    0.531738843
   34.729205187    0.532516644    0.531972056
   34.858310039    0.532637411    0.532171730
   34.987414891    0.532742516    0.532342458
   35.116519743    0.532829452    0.532488382
   35.245624595    0.532905611    0.532612918
   35.374729447    0.532967952    0.532719187
   35.503834299    0.533022994    0.532809711
   35.632939151    0.533067541    0.532886834
   35.762044003    0.533107222    0.532952408
   35.891148855    0.533138987    0.533008188
   36.020253707    0.533167519    0.533055528
   36.149358559    0.533190150    0.533095739
   36.278463411    0.533210577    0.533129808
   36.407568263    0.533226704    0.533158726
   36.536673115    0.533241224    0.533183208
   36.665777967    0.533252755    0.533203970
   36.794882819    0.533262974    0.533221533
   36.923987671    0.533271285    0.533236414
   37.053092523    0.533278362    0.533248999
   37.182197375    0.533284425    0.533259656
   37.311302227    0.533289198    0.533268671
   37.440407079    0.533293698    0.533276300
   37.569511931    0.533296792    0.533282761
   37.698616783    0.533300246    0.533288224
   37.827721635    0.533302506    0.533292863
   37.956826487    0.533305613    0.533296783
   38.085931339    0.533306971    0.533300127
   38.215036191    0.533309557    0.533302950
   38.344141043    0.533310235    0.533305376
   38.473245895    0.533312445    0.533307423
   38.602350747    0.533312645    0.533309199
   38.731455599    0.533314567    0.533310699
   38.860560451    0.533314444    0.533312019
   38.989665303    0.533316129    0.533313136
   39.118770155    0.533315807    0.533314137
   39.247875007    0.533317280    0.533314988
   39.376979859    0.533316859    0.533315749
   39.506084711    0.533318130    0.533316381
   39.635189563    0.533317691    0.533316954
   39.764294415    0.533318758    0.533317428
   39.893399267    0.533318364    0.533317865
   40.022504119    0.533319221    0.533318225
   40.151608971    0.533318920    0.533318561
   40.280713823    0.533319563    0.533318840
   40.409818675    0.533319393    0.533319101
   40.538923527    0.533319817    0.533319322
   40.668028379    0.533319800    0.533319527
   40.797133231    0.533320006    0.533319705
   40.926238083    0.533320156    0.533319869
   41.055342935    0.533320151    0.533320016
   41.184447787    0.533320470    0.533320148
   41.313552639    0.533320267    0.533320273
   41.442657491    0.533320746    0.533320380
   41.571762343    0.533320364    0.533320488
   41.700867195    0.533320987    0.533320577
   41.829972047    0.533320452    0.533320672
   41.959076899    0.533321195    0.533320745
   42.088181751    0.533320539    0.533320832
   42.217286603    0.533321371    0.533320893
   42.346391455    0.533320629    0.533320971
   42.475496307    0.533321514    0.533321023
   42.604601159    0.533320725    0.533321094
   42.733706011    0.533321628    0.533321139
   42.862810863    0.533320831    0.533321204
   42.991915715    0.533321712    0.533321243
   43.121020567    0.533320946    0.533321302
   43.250125419    0.533321769    0.533321336
   43.379230271    0.533321072    0.533321390
   43.508335123    0.533321800    0.533321421
   43.637439975    0.533321206    0.533321469
   43.766544827    0.533321808    0.533321498
   43.895649679    0.533321346    0.533321540
   44.024754531    0.533321798    0.533321566
   44.153859383    0.533321489    0.533321603
   44.282964235    0.533321772    0.533321628
   44.412069087    0.533321633    0.533321658
   44.541173939    0.533321735    0.533321683
   44.670278791    0.533321772    0.533319975
   44.799383643    0.533321690    0.533315379
   44.928488495    0.533321904    0.533307890
   45.057593347    0.533321643    0.533297519
   45.186698199    0.533322024    0.533284250
   45.315803051    0.533321598    0.533268103
   45.444907903    0.533322128    0.533249054
   45.574012755    0.533321557    0.533227132
   45.703117607    0.533322214    0.533202303
   45.832222459    0.533321524    0.533176337
   45.961327311    0.533322278    0.533150349
   46.090432163    0.533281657    0.533124381
   46.219537015    0.533216065    0.533098389
   46.348641867    0.533148831    0.533072419
