    0.000000000    0.481514346    0.481602103
    0.130574691    0.481679327    0.481670187
    0.261149383    0.481847198    0.481738273
    0.391724074    0.482012199    0.481806354
    0.522298766    0.482180029    0.481874437
    0.652873457    0.482345081    0.481942516
    0.783448148    0.482412982    0.482010596
    0.914022840    0.482411685    0.482078671
    1.044597531    0.482412913    0.482144479
    1.175172222    0.482411724    0.482204230
    1.305746914    0.482412825    0.482256418
    1.436321605    0.482411770    0.482301036
    1.566896297    0.482412719    0.482338090
    1.697470988    0.482411822    0.482367576
    1.828045679    0.482412597    0.482389497
    1.958620371    0.482411877    0.482403849
    2.089195062    0.482412459    0.482410636
    2.219769753    0.482411934    0.482412125
    2.350344445    0.482412308    0.482412100
    2.480919136    0.482411991    0.482412072
    2.611493828    0.482412145    0.482412043
    2.742068519    0.482412044    0.482412012
    2.872643210    0.482411972    0.482411978
    3.003217902    0.482412092    0.482411942
    3.133792593    0.482411790    0.482411904
    3.264367284    0.482412131    0.482411863
    3.394941976    0.482411601    0.482411819
    3.525516667    0.482412157    0.482411772
    3.656091359    0.482411406    0.482411721
    3.786666050    0.482412168    0.482411667
    3.917240741    0.482411205    0.482411608
    4.047815433    0.482412158    0.482411545
    4.178390124    0.482410998    0.482411476
    4.308964816    0.482412124    0.482411403
    4.439539507    0.482410785    0.482411321
    4.570114198    0.482412060    0.482411234
    4.700688890    0.482410562    0.482411136
    4.831263581    0.482411958    0.482411031
    4.961838272    0.482410327    0.482410912
    5.092412964    0.482411811    0.482410784
    5.222987655    0.482410072    0.482410638
    5.353562347    0.482411609    0.482410479
    5.484137038    0.482409789    0.482410296
    5.614711729    0.482411339    0.482410096
    5.745286421    0.482409465    0.482409865
    5.875861112    0.482410984    0.482409609
    6.006435803    0.482409080    0.482409314
    6.137010495    0.482410519    0.482408982
    6.267585186    0.482408608    0.482408599
    6.398159878    0.482409914    0.482408166
    6.528734569    0.482408013    0.482407664
    6.659309260    0.482409128    0.482407092
    6.789883952    0.482407244    0.482406428
    6.920458643    0.482408100    0.482405666
    7.051033334    0.482406230    0.482404781
    7.181608026    0.482406752    0.482403759
    7.312182717    0.482404879    0.482402571
    7.442757409    0.482404976    0.482401198
    7.573332100    0.482403058    0.482399610
    7.703906791    0.482402620    0.482397778
    7.834481483    0.482400586    0.482395651
    7.965056174    0.482399475    0.482393182
    8.095630866    0.482397218    0.482390303
    8.226205557    0.482395259    0.482386944
    8.356780248    0.482392613    0.482383018
    8.487354940    0.482389572    0.482378425
    8.617929631    0.482386298    0.482373044
    8.748504322    0.482381868    0.482366738
    8.879079014    0.482377778    0.482359340
    9.009653705    0.482371956    0.482350660
    9.140228397    0.482366560    0.482340471
    9.270803088    0.482358381    0.482328508
    9.401377779    0.482350884    0.482314464
    9.531952471    0.482339571    0.482297972
    9.662527162    0.482329044    0.482278611
    9.793101853    0.482313537    0.482255880
    9.923676545    0.482298701    0.482229203
   10.054251236    0.482277530    0.482197898
   10.184825928    0.482256611    0.482161180
   10.315400619    0.482227753    0.482118120
   10.445975310    0.482198337    0.482067644
   10.576550002    0.482159033    0.482008498
   10.707124693    0.482117825    0.481939246
   10.837699384    0.482064286    0.481858206
   10.968274076    0.482006774    0.481763452
   11.098848767    0.481933817    0.481652733
   11.229423459    0.481853887    0.481523469
   11.359998150    0.481754506    0.481372658
   11.490572841    0.481643926    0.481196860
   11.621147533    0.481508657    0.480992083
   11.751722224    0.481356341    0.480753755
   11.882296916    0.481172459    0.480476579
   12.012871607    0.480963620    0.480154483
   12.143446298    0.480714223    0.479780449
   12.274020990    0.480429300    0.479346420
   12.404595681    0.480091974    0.478843075
   12.535170372    0.479705009    0.478259705
   12.665745064    0.479249970    0.477583925
   12.796319755    0.478726592    0.476801466
   12.926894447    0.478114511    0.475895805
   13.057469138    0.477409461    0.474847858
   13.188043829    0.476588459    0.473635499
   13.318618521    0.475641898    0.472233099
   13.449193212    0.474543237    0.470610865
   13.579767903    0.473276143    0.468734181
   13.710342595    0.471808656    0.466562719
   13.840917286    0.470115243    0.464049581
   13.971491978    0.468157076    0.461140221
   14.102066669    0.465896316    0.457771392
   14.232641360    0.463283864    0.453869830
   14.363216052    0.460265460    0.449350870
   14.493790743    0.456777490    0.444116647
   14.624365434    0.452743691    0.438054081
   14.754940126    0.448079511    0.431032275
   14.885514817    0.442678296    0.422899516
   15.016089509    0.436425429    0.413479401
   15.146664200    0.429173768    0.402566163
   15.277238891    0.420769435    0.389918365
   15.407813583    0.411015705    0.375250790
   15.538388274    0.399710790    0.358223188
   15.668962966    0.386597061    0.338425390
   15.799537657    0.371409795    0.315356502
   15.930112348    0.353808357    0.288397047
   16.060687040    0.333436660    0.256770460
   16.191261731    0.309834226    0.219503241
   16.321836422    0.282509541    0.175418765
   16.452411114    0.250824782    0.123220891
   16.582985805    0.214077504    0.061638233
   16.713560497    0.171343301   -0.010374112
   16.844135188    0.121555727   -0.093336245
   16.974709879    0.063283161   -0.186982076
   17.105284571   -0.005206062   -0.290125965
   17.235859262   -0.086275693   -0.400706114
   17.366433953   -0.182897376   -0.515973944
   17.497008645   -0.299151280   -0.632713132
   17.627583336   -0.439783148   -0.747486179
   17.758158028   -0.609175990   -0.856916289
   17.888732719   -0.808426737   -0.957951886
   18.019307410   -1.035611049   -1.048087698
   18.149882102   -1.282988894   -1.125566431
   18.280456793   -1.535559815   -1.189490671
   18.411031484   -1.774130270   -1.239753489
   18.541606176   -1.977893003   -1.276823951
   18.672180867   -2.129626712   -1.301437565
   18.802755559   -2.216939619   -1.314330456
   18.933330250   -2.232339656   -1.316049321
   19.063904941   -2.174403510   -1.306798043
   19.194479633   -2.048177585   -1.286404288
   19.325054324   -1.864054365   -1.254435396
   19.455629016   -1.637019059   -1.210383293
   19.586203707   -1.386624407   -1.153897715
   19.716778398   -1.133143133   -1.085107027
   19.847353090   -0.893581937   -1.004896853
   19.977927781   -0.679441308   -0.915057255
   20.108502472   -0.495039477   -0.818252633
   20.239077164   -0.341420775   -0.717846362
   20.369651855   -0.216257964   -0.617699619
   20.500226547   -0.115620228   -0.521947891
   20.630801238   -0.036013687   -0.434751809
   20.761375929    0.025042242   -0.360070583
   20.891950621    0.069212502   -0.301459054
   21.022525312    0.097552950   -0.261805883
   21.153100003    0.110688615   -0.243084758
   21.283674695    0.108868986   -0.246242512
   21.414249386    0.092050058   -0.271129661
   21.544824078    0.059833562   -0.316512410
   21.675398769    0.011476023   -0.380145654
   21.805973460   -0.054298585   -0.458918318
   21.936548152   -0.139368540   -0.549129127
   22.067122843   -0.246584960   -0.646729805
   22.197697534   -0.379673039   -0.747528954
   22.328272226   -0.542493128   -0.847429203
   22.458846917   -0.736410779   -0.942673626
   22.589421609   -0.959627263   -1.030058865
   22.719996300   -1.206038980   -1.107133564
   22.850570991   -1.462018840   -1.172345804
   22.981145683   -1.709302883   -1.225022748
   23.111720374   -1.927020114   -1.265190002
   23.242295066   -2.096655856   -1.293275318
   23.372869757   -2.204497922   -1.309813841
   23.503444448   -2.241565847   -1.315242598
   23.634019140   -2.204568119   -1.309729804
   23.764593831   -2.096788095   -1.293098365
   23.895168522   -1.927201091   -1.264902368
   24.025743214   -1.709507852   -1.224597745
   24.156317905   -1.462221304   -1.171747720
   24.286892597   -1.206198220   -1.106317439
   24.417467288   -0.959703684   -1.028970050
   24.548041979   -0.736345931   -0.941247075
   24.678616671   -0.542230504   -0.845588294
   24.809191362   -0.379131654   -0.745183741
   24.939766053   -0.245687158   -0.643774250
   25.070340745   -0.138007899   -0.545437099
   25.200915436   -0.052374955   -0.454337505
   25.331490128    0.014094927   -0.374490446
   25.462064819    0.063270434   -0.309561056
   25.592639510    0.096464425   -0.262637583
   25.723214202    0.114410135   -0.235968358
   25.853788893    0.117553239   -0.230823652
   25.984363584    0.105934665   -0.247443427
   26.114938276    0.079375752   -0.285022480
   26.245512967    0.037270808   -0.341757746
   26.376087659   -0.021317009   -0.414929316
   26.506662350   -0.097982320   -0.501118339
   26.637237041   -0.194991729   -0.596461997
   26.767811733   -0.315726864   -0.696851731
   26.898386424   -0.464088904   -0.798151280
   27.028961116   -0.643007469   -0.896447356
   27.159535807   -0.851966165   -0.988281575
   27.290110498   -1.087568666   -1.070854133
   27.420685190   -1.339751031   -1.142211747
   27.551259881   -1.592303740   -1.201313616
   27.681834572   -1.825410117   -1.247913845
   27.812409264   -2.018957775   -1.282304790
   27.942983955   -2.157054302   -1.304991439
   28.073558647   -2.228449487   -1.316440575
   28.204133338   -2.226978873   -1.316890630
   28.334708029   -2.152835902   -1.306214978
   28.465282721   -2.012456579   -1.283925544
   28.595857412   -1.817374488   -1.249311119
   28.726432103   -1.583854719   -1.201621695
   28.857006795   -1.332392399   -1.140315495
   28.987581486   -1.082779393   -1.065372530
   29.118156178   -0.850984115   -0.977532353
   29.248730869   -0.646263688   -0.878394876
   29.379305560   -0.471248186   -0.770339979
   29.509880252   -0.325487845   -0.656332894
   29.640454943   -0.205033165   -0.539708170
   29.771029634   -0.105053941   -0.423913748
   29.901604326   -0.021307321   -0.312227814
   30.032179017    0.049368389   -0.207503851
   30.162753709    0.109431431   -0.111949440
   30.293328400    0.160721687   -0.026924499
   30.423903091    0.204713983    0.047137360
   30.554477783    0.242539976    0.110624564
   30.685052474    0.275141118    0.164507018
   30.815627166    0.303262239    0.210031842
   30.946201857    0.327545750    0.248501826
   31.076776548    0.348513744    0.281124974
   31.207351240    0.366626053    0.308914224
   31.337925931    0.382262556    0.332680091
   31.468500622    0.395760725    0.353068070
   31.599075314    0.407404169    0.370598704
   31.729650005    0.417446134    0.385697260
   31.860224697    0.426103831    0.398715717
   31.990799388    0.433569638    0.409948601
   32.121374079    0.440010528    0.419644840
   32.251948771    0.445569893    0.428016367
   32.382523462    0.450373339    0.435244731
   32.513098153    0.454524170    0.441486005
   32.643672845    0.458115717    0.446874802
   32.774247536    0.461221183    0.451527402
   32.904822228    0.463910966    0.455544428
   33.035396919    0.466236758    0.459012955
   33.165971610    0.468252801    0.462008347
   33.296546302    0.469994991    0.464595704
   33.427120993    0.471505880    0.466831189
   33.557695685    0.472809693    0.468763123
   33.688270376    0.473940879    0.470433057
   33.818845067    0.474915127    0.471876669
   33.949419759    0.475760432    0.473124651
   34.079994450    0.476486407    0.474203405
   34.210569141    0.477116593    0.475135715
   34.341143833    0.477655836    0.475941234
   34.471718524    0.478124275    0.476636964
   34.602293216    0.478523267    0.477237598
   34.732867907    0.478870385    0.477755875
   34.863442598    0.479164415    0.478202821
   34.994017290    0.479420868    0.478588016
   35.124591981    0.479636636    0.478919758
   35.255166672    0.479825536    0.479205258
   35.385741364    0.479983164    0.479450771
   35.516316055    0.480121932    0.479661739
   35.646890747    0.480236611    0.479842872
   35.777465438    0.480338361    0.479998271
   35.908040129    0.480421481    0.480131479
   36.038614821    0.480495981    0.480245582
   36.169189512    0.480556001    0.480343240
   36.299764203    0.480610484    0.480426767
   36.430338895    0.480653684    0.480498152
   36.560913586    0.480693508    0.480559121
   36.691488278    0.480724523    0.480611157
   36.822062969    0.480753610    0.480655547
   36.952637660    0.480775823    0.480693400
   37.083212352    0.480797031    0.480725672
   37.213787043    0.480812921    0.480753174
   37.344361735    0.480828346    0.480776606
   37.474936426    0.480839730    0.480796564
   37.605511117    0.480850897    0.480813564
   37.736085809    0.480859089    0.480828040
   37.866660500    0.480867099    0.480840369
   37.997235191    0.480873047    0.480850869
   38.127809883    0.480878707    0.480859814
   38.258384574    0.480883175    0.480867437
   38.388959266    0.480887448    0.480873934
   38.519533957    0.480891063    0.480879477
   38.650108648    0.480893982    0.480884207
   38.780683340    0.480896881    0.480888250
   38.911258031    0.480898756    0.480891707
   39.041832722    0.480901185    0.480894670
   39.172407414    0.480902255    0.480897212
   39.302982105    0.480904388    0.480899399
   39.433556797    0.480904829    0.480901283
   39.564131488    0.480906783    0.480902914
   39.694706179    0.480906730    0.480904326
   39.825280871    0.480908584    0.480905549
   39.955855562    0.480908145    0.480906600
   40.086430253    0.480909948    0.480907511
   40.217004945    0.480909209    0.480908296
   40.347579636    0.480910987    0.480908979
   40.478154328    0.480910019    0.480909568
   40.608729019    0.480911782    0.480910085
   40.739303710    0.480910646    0.480910532
   40.869878402    0.480912393    0.480910926
   41.000453093    0.480911143    0.480911268
   41.131027785    0.480912865    0.480911572
   41.261602476    0.480911547    0.480911837
   41.392177167    0.480913228    0.480912075
   41.522751859    0.480911885    0.480912283
   41.653326550    0.480913507    0.480912471
   41.783901241    0.480912178    0.480912636
   41.914475933    0.480913719    0.480912787
   42.045050624    0.480912439    0.480912920
   42.175625316    0.480913877    0.480913044
   42.306200007    0.480912678    0.480913153
   42.436774698    0.480913991    0.480913255
   42.567349390    0.480912902    0.480913346
   42.697924081    0.480914069    0.480913432
   42.828498772    0.480913115    0.480913509
   42.959073464    0.480914118    0.480913582
   43.089648155    0.480913321    0.480913648
   43.220222847    0.480914142    0.480913711
   43.350797538    0.480913520    0.480913768
   43.481372229    0.480914147    0.480913822
   43.611946921    0.480913713    0.480913872
   43.742521612    0.480914135    0.480913920
   43.873096303    0.480913899    0.480913964
   44.003670995    0.480914111    0.480914005
   44.134245686    0.480914079    0.480914044
   44.264820378    0.480914077    0.480914081
   44.395395069    0.480914250    0.480914115
   44.525969760    0.480914037    0.480914147
   44.656544452    0.480914412    0.480914178
   44.787119143    0.480913993    0.480914206
   44.917693835    0.480914563    0.480914233
   45.048268526    0.480913947    0.480914258
   45.178843217    0.480914701    0.480916551
   45.309417909    0.480913902    0.480924893
   45.439992600    0.480914826    0.480940800
   45.570567291    0.480913860    0.480964269
   45.701141983    0.480914934    0.480995304
   45.831716674    0.480913823    0.481033899
   45.962291366    0.480915025    0.481080061
   46.092866057    0.480913792    0.481133783
   46.223440748    0.480915098    0.481195072
   46.354015440    0.480913768    0.481261651
   46.484590131    0.480915152    0.481329746
   46.615164822    0.481013610    0.481397836
   46.745739514    0.481181473    0.481465927
   46.876314205    0.481346464    0.481534014
