    0.000000000    0.539671369    0.539698795
    0.128243751    0.539721762    0.539718025
    0.256487502    0.539769382    0.539737263
    0.384731253    0.539820329    0.539756487
    0.512975004    0.539867442    0.539775722
    0.641218756    0.539918823    0.539794941
    0.769462507    0.539936074    0.539814173
    0.897706258    0.539938588    0.539833386
    1.025950009    0.539935966    0.539852614
    1.154193760    0.539938596    0.539870542
    1.282437511    0.539935938    0.539886346
    1.410681262    0.539938506    0.539899995
    1.538925013    0.539935991    0.539911520
    1.667168764    0.539938322    0.539920892
    1.795412515    0.539936118    0.539928137
    1.923656267    0.539938051    0.539933232
    2.051900018    0.539936308    0.539936197
    2.180143769    0.539937708    0.539937016
    2.308387520    0.539936544    0.539936981
    2.436631271    0.539937310    0.539936944
    2.564875022    0.539936808    0.539936903
    2.693118773    0.539936879    0.539936863
    2.821362524    0.539937075    0.539936815
    2.949606275    0.539936438    0.539936774
    3.077850026    0.539937323    0.539936718
    3.206093778    0.539936010    0.539936674
    3.334337529    0.539937529    0.539936613
    3.462581280    0.539935618    0.539936565
    3.590825031    0.539937670    0.539936497
    3.719068782    0.539935280    0.539936446
    3.847312533    0.539937730    0.539936372
    3.975556284    0.539935012    0.539936315
    4.103800035    0.539937694    0.539936237
    4.232043786    0.539934824    0.539936174
    4.360287538    0.539937553    0.539936091
    4.488531289    0.539934720    0.539936020
    4.616775040    0.539937307    0.539935933
    4.745018791    0.539934698    0.539935853
    4.873262542    0.539936959    0.539935761
    5.001506293    0.539934750    0.539935671
    5.129750044    0.539936518    0.539935574
    5.257993795    0.539934860    0.539935472
    5.386237546    0.539936000    0.539935368
    5.514481297    0.539935008    0.539935253
    5.642725049    0.539935422    0.539935141
    5.770968800    0.539935170    0.539935010
    5.899212551    0.539934806    0.539934886
    6.027456302    0.539935316    0.539934737
    6.155700053    0.539934174    0.539934598
    6.283943804    0.539935416    0.539934425
    6.412187555    0.539933544    0.539934264
    6.540431306    0.539935438    0.539934064
    6.668675057    0.539932935    0.539933872
    6.796918808    0.539935350    0.539933636
    6.925162560    0.539932356    0.539933402
    7.053406311    0.539935120    0.539933118
    7.181650062    0.539931806    0.539932825
    7.309893813    0.539934717    0.539932476
    7.438137564    0.539931276    0.539932103
    7.566381315    0.539934107    0.539931665
    7.694625066    0.539930738    0.539931190
    7.822868817    0.539933252    0.539930650
    7.951112568    0.539930143    0.539930043
    8.079356319    0.539932107    0.539929354
    8.207600071    0.539929423    0.539928556
    8.335843822    0.539930617    0.539927646
    8.464087573    0.539928473    0.539926573
    8.592331324    0.539928695    0.539925341
    8.720575075    0.539927143    0.539923872
    8.848818826    0.539926219    0.539922175
    8.977062577    0.539925250    0.539920138
    9.105306328    0.539923242    0.539917768
    9.233550079    0.539923003    0.539914919
    9.361793831    0.539919589    0.539911583
    9.490037582    0.539919580    0.539907575
    9.618281333    0.539914583    0.539902853
    9.746525084    0.539914421    0.539897190
    9.874768835    0.539907665    0.539890488
   10.003012586    0.539906802    0.539882463
   10.131256337    0.539898016    0.539872936
   10.259500088    0.539895680    0.539861550
   10.387743839    0.539884433    0.539848004
   10.515987590    0.539879591    0.539831838
   10.644231342    0.539865221    0.539812571
   10.772475093    0.539856506    0.539789594
   10.900718844    0.539837964    0.539762208
   11.028962595    0.539823512    0.539729594
   11.157206346    0.539799165    0.539690740
   11.285450097    0.539776463    0.539644526
   11.413693848    0.539743899    0.539589509
   11.541937599    0.539709579    0.539524146
   11.670181350    0.539665264    0.539446421
   11.798425101    0.539614674    0.539354195
   11.926668853    0.539553418    0.539244694
   12.054912604    0.539480110    0.539114931
   12.183156355    0.539394533    0.538961078
   12.311400106    0.539289698    0.538778970
   12.439643857    0.539169472    0.538563363
   12.567887608    0.539020927    0.538308466
   12.696131359    0.538851498    0.538007117
   12.824375110    0.538642287    0.537651255
   12.952618861    0.538403442    0.537231057
   13.080862613    0.538110337    0.536735285
   13.209106364    0.537774484    0.536150427
   13.337350115    0.537365916    0.535460815
   13.465593866    0.536895056    0.534647789
   13.593837617    0.536326600    0.533689416
   13.722081368    0.535668002    0.532559680
   13.850325119    0.534879006    0.531227653
   13.978568870    0.533960893    0.529656692
   14.106812621    0.532868140    0.527802872
   14.235056372    0.531591631    0.525614072
   14.363300124    0.530079351    0.523027339
   14.491543875    0.528306807    0.519967643
   14.619787626    0.526213546    0.516343890
   14.748031377    0.523753601    0.512047190
   14.876275128    0.520853804    0.506945200
   15.004518879    0.517437533    0.500879371
   15.132762630    0.513410605    0.493656529
   15.261006381    0.508653077    0.485043424
   15.389250132    0.503037366    0.474753478
   15.517493883    0.496383080    0.462435982
   15.645737635    0.488509098    0.447654593
   15.773981386    0.479147424    0.429865742
   15.902225137    0.468030422    0.408380290
   16.030468888    0.454764017    0.382317963
   16.158712639    0.438950388    0.350534943
   16.286956390    0.420020158    0.311534790
   16.415200141    0.397380974    0.263345054
   16.543443892    0.370201245    0.203482842
   16.671687643    0.337566592    0.129237885
   16.799931394    0.298210248    0.038153377
   16.928175146    0.250658478   -0.071216290
   17.056418897    0.192896188   -0.198573787
   17.184662648    0.122448060   -0.341499695
   17.312906399    0.035913953   -0.495542279
   17.441150150   -0.071126698   -0.654752634
   17.569393901   -0.204795931   -0.812403634
   17.697637652   -0.373249907   -0.961891409
   17.825881403   -0.587510126   -1.097584998
   17.954125154   -0.859393350   -1.215501059
   18.082368906   -1.194223389   -1.313721139
   18.210612657   -1.586290625   -1.392325620
   18.338856408   -2.012464967   -1.452890320
   18.467100159   -2.432839347   -1.497700018
   18.595343910   -2.798786794   -1.529056759
   18.723587661   -3.063831999   -1.548849334
   18.851831412   -3.193807746   -1.558321905
   18.980075163   -3.171208995   -1.558132156
   19.108318914   -2.999268435   -1.548387513
   19.236562665   -2.700932374   -1.528647624
   19.364806417   -2.314688435   -1.497863803
   19.493050168   -1.888860597   -1.454392949
   19.621293919   -1.470336480   -1.396320274
   19.749537670   -1.094777853   -1.321968695
   19.877781421   -0.779964566   -1.230693458
   20.006025172   -0.528308861   -1.123641585
   20.134268923   -0.332781172   -1.004183326
   20.262512674   -0.181955160   -0.877868915
   20.390756425   -0.066762469   -0.751983694
   20.519000176    0.019330835   -0.634917185
   20.647243928    0.080767562   -0.535397893
   20.775487679    0.120517754   -0.461564309
   20.903731430    0.140436290   -0.419940879
   21.031975181    0.141448140   -0.414449779
   21.160218932    0.123795684   -0.445683011
   21.288462683    0.086865472   -0.510785609
   21.416706434    0.029353731   -0.604013460
   21.544950185   -0.051246829   -0.717676901
   21.673193936   -0.158600552   -0.843159967
   21.801437688   -0.298447666   -0.971888838
   21.929681439   -0.478679287   -1.096139033
   22.057925190   -0.710324699   -1.209702563
   22.186168941   -1.002759952   -1.308405912
   22.314412692   -1.357349533   -1.390321474
   22.442656443   -1.762565319   -1.455499834
   22.570900194   -2.188700807   -1.505324551
   22.699143945   -2.592137603   -1.541692924
   22.827387696   -2.924205135   -1.566417987
   22.955631447   -3.142568014   -1.580851177
   23.083875199   -3.218891682   -1.585757207
   23.212118950   -3.142719189   -1.581401686
   23.340362701   -2.924516963   -1.567552856
   23.468606452   -2.592630349   -1.543480924
   23.596850203   -2.189409475   -1.507869867
   23.725093954   -1.763540167   -1.458945895
   23.853337705   -1.358665979   -1.394853137
   23.981581456   -1.004520370   -1.314258309
   24.109825207   -0.712676887   -1.217168251
   24.238068958   -0.481810966   -1.105587233
   24.366312710   -0.302609643   -0.983784125
   24.494556461   -0.164085527   -0.858100892
   24.622800212   -0.058423578   -0.736434703
   24.751043963    0.020075443   -0.627593989
   24.879287714    0.074975153   -0.540381801
   25.007531465    0.108729601   -0.482504976
   25.135775216    0.122491397   -0.459460290
   25.264018967    0.116783900   -0.473482592
   25.392262718    0.091115736   -0.523093635
   25.520506470    0.044370525   -0.603392509
   25.648750221   -0.025774201   -0.707020677
   25.776993972   -0.122733635   -0.825290905
   25.905237723   -0.251853668   -0.949289264
   26.033481474   -0.420569339   -1.070860863
   26.161725225   -0.639382763   -1.183300495
   26.289968976   -0.918636624   -1.281909833
   26.418212727   -1.261463381   -1.364274813
   26.546456478   -1.659381703   -1.430077443
   26.674700229   -2.086053114   -1.480489642
   26.802943981   -2.499719971   -1.517339793
   26.931187732   -2.851394458   -1.542438297
   27.059431483   -3.096124747   -1.557157239
   27.187675234   -3.202026209   -1.562233758
   27.315918985   -3.154571901   -1.557842470
   27.444162736   -2.960232319   -1.543609616
   27.572406487   -2.644535103   -1.518612593
   27.700650238   -2.247939346   -1.481298938
   27.828893989   -1.819419372   -1.429541356
   27.957137740   -1.404730903   -1.360976505
   28.085381492   -1.036989183   -1.273535556
   28.213625243   -0.730769559   -1.166233725
   28.341868994   -0.486149869   -1.039855308
   28.470112745   -0.294165123   -0.897275667
   28.598356496   -0.142534149   -0.743294068
   28.726600247   -0.021734012   -0.584070426
   28.854843998    0.075501976   -0.426375205
   28.983087749    0.154362196   -0.276680351
   29.111331500    0.218831301   -0.140333131
   29.239575251    0.271787768   -0.020910458
   29.367819003    0.315528192    0.080150500
   29.496062754    0.351760122    0.163409151
   29.624306505    0.381889002    0.230872251
   29.752550256    0.406983613    0.285184794
   29.880794007    0.427937275    0.329000807
   30.009037758    0.445452041    0.364587274
   30.137281509    0.460117558    0.393681528
   30.265525260    0.472418176    0.417608426
   30.393769011    0.482749328    0.437380254
   30.522012763    0.491450946    0.453784556
   30.650256514    0.498782149    0.467438298
   30.778500265    0.504982659    0.478833694
   30.906744016    0.510218062    0.488365187
   31.034987767    0.514662111    0.496353135
   31.163231518    0.518418931    0.503058381
   31.291475269    0.521618437    0.508695370
   31.419719020    0.524323625    0.513440875
   31.547962771    0.526633689    0.517441228
   31.676206522    0.528584642    0.520817921
   31.804450274    0.530254012    0.523671535
   31.932694025    0.531661156    0.526085898
   32.060937776    0.532867373    0.528130327
   32.189181527    0.533881871    0.529863016
   32.317425278    0.534752525    0.531332133
   32.445669029    0.535482925    0.532578533
   32.573912780    0.536109671    0.533636037
   32.702156531    0.536634350    0.534533610
   32.830400282    0.537083889    0.535295192
   32.958644033    0.537460162    0.535941498
   33.086887785    0.537781488    0.536489628
   33.215131536    0.538051303    0.536954522
   33.343375287    0.538279683    0.537348485
   33.471619038    0.538472818    0.537682332
   33.599862789    0.538633991    0.537964946
   33.728106540    0.538772344    0.538204154
   33.856350291    0.538885270    0.538406396
   33.984594042    0.538984685    0.538577344
   34.112837793    0.539063112    0.538721690
   34.241081545    0.539134823    0.538843531
   34.369325296    0.539188675    0.538946292
   34.497569047    0.539240670    0.539032905
   34.625812798    0.539277207    0.539105869
   34.754056549    0.539315162    0.539167262
   34.882300300    0.539339644    0.539218932
   35.010544051    0.539367481    0.539262341
   35.138787802    0.539383668    0.539298858
   35.267031553    0.539404091    0.539329490
   35.395275304    0.539414720    0.539355252
   35.523519056    0.539429631    0.539376827
   35.651762807    0.539436684    0.539394973
   35.780006558    0.539447393    0.539410149
   35.908250309    0.539452262    0.539422933
   36.036494060    0.539459673    0.539433616
   36.164737811    0.539463330    0.539442626
   36.292981562    0.539468109    0.539450150
   36.421225313    0.539471225    0.539456504
   36.549469064    0.539473880    0.539461811
   36.677712815    0.539476874    0.539466299
   36.805956567    0.539477803    0.539470055
   36.934200318    0.539480907    0.539473236
   37.062444069    0.539480459    0.539475907
   37.190687820    0.539483886    0.539478172
   37.318931571    0.539482688    0.539480088
   37.447175322    0.539486390    0.539481711
   37.575419073    0.539484428    0.539483102
   37.703662824    0.539488223    0.539484279
   37.831906575    0.539485785    0.539485306
   37.960150327    0.539489541    0.539486174
   38.088394078    0.539486904    0.539486949
   38.216637829    0.539490464    0.539487602
   38.344881580    0.539487880    0.539488204
   38.473125331    0.539491079    0.539488712
   38.601369082    0.539488771    0.539489195
   38.729612833    0.539491455    0.539489599
   38.857856584    0.539489609    0.539489984
   38.986100335    0.539491653    0.539490301
   39.114344086    0.539490412    0.539490611
   39.242587838    0.539491723    0.539490866
   39.370831589    0.539491179    0.539491119
   39.499075340    0.539491709    0.539491332
   39.627319091    0.539491904    0.539491542
   39.755562842    0.539491651    0.539491723
   39.883806593    0.539492574    0.539491900
   40.012050344    0.539491585    0.539492059
   40.140294095    0.539493174    0.539492210
   40.268537846    0.539491539    0.539492353
   40.396781597    0.539493689    0.539492484
   40.525025349    0.539491539    0.539492614
   40.653269100    0.539494109    0.539492728
   40.781512851    0.539491602    0.539492849
   40.909756602    0.539494424    0.539492949
   41.038000353    0.539491740    0.539493062
   41.166244104    0.539494630    0.539493152
   41.294487855    0.539491957    0.539493257
   41.422731606    0.539494731    0.539493338
   41.550975357    0.539492252    0.539493436
   41.679219108    0.539494733    0.539493511
   41.807462860    0.539492617    0.539493602
   41.935706611    0.539494650    0.539493671
   42.063950362    0.539493037    0.539493755
   42.192194113    0.539494497    0.539493820
   42.320437864    0.539493496    0.539493896
   42.448681615    0.539494297    0.539493958
   42.576925366    0.539493971    0.539494027
   42.705169117    0.539494071    0.539494086
   42.833412868    0.539494441    0.539494147
   42.961656620    0.539493843    0.539494204
   43.089900371    0.539494882    0.539494258
   43.218144122    0.539493637    0.539494313
   43.346387873    0.539495274    0.539494360
   43.474631624    0.539493472    0.539494412
   43.602875375    0.539495597    0.539494452
   43.731119126    0.539493366    0.539494502
   43.859362877    0.539495837    0.539494536
   43.987606628    0.539493331    0.539494583
   44.115850379    0.539495985    0.539494612
   44.244094131    0.539493374    0.539494655
   44.372337882    0.539496034    0.539495961
   44.500581633    0.539493498    0.539499420
   44.628825384    0.539495988    0.539504996
   44.757069135    0.539493698    0.539512724
   44.885312886    0.539495854    0.539522571
   45.013556637    0.539493964    0.539534567
   45.141800388    0.539495643    0.539548686
   45.270044139    0.539494281    0.539564950
   45.398287890    0.539495373    0.539583341
   45.526531642    0.539494631    0.539602590
   45.654775393    0.539495064    0.539621834
   45.783019144    0.539524484    0.539641077
   45.911262895    0.539573383    0.539660319
   46.039506646    0.539623140    0.539679555
