    0.000000000    0.390024188    0.390047655
    0.129710210    0.390067022    0.390064708
    0.259420420    0.390111249    0.390081734
    0.389130630    0.390154147    0.390098784
    0.518840840    0.390198295    0.390115810
    0.648551050    0.390241281    0.390132857
    0.778261260    0.390259198    0.390149882
    0.907971470    0.390258748    0.390166925
    1.037681680    0.390259125    0.390183951
    1.167391890    0.390258801    0.390199854
    1.297102100    0.390259042    0.390213851
    1.426812310    0.390258855    0.390225962
    1.556522520    0.390258951    0.390236173
    1.686232730    0.390258907    0.390244493
    1.815942940    0.390258855    0.390250918
    1.945653150    0.390258955    0.390255446
    2.075363360    0.390258757    0.390258085
    2.205073570    0.390258996    0.390258821
    2.334783780    0.390258659    0.390258809
    2.464493990    0.390259025    0.390258783
    2.594204199    0.390258563    0.390258769
    2.723914409    0.390259040    0.390258737
    2.853624619    0.390258471    0.390258722
    2.983334829    0.390259039    0.390258684
    3.113045039    0.390258384    0.390258666
    3.242755249    0.390259018    0.390258622
    3.372465459    0.390258301    0.390258599
    3.502175669    0.390258975    0.390258548
    3.631885879    0.390258224    0.390258519
    3.761596089    0.390258907    0.390258460
    3.891306299    0.390258148    0.390258422
    4.021016509    0.390258812    0.390258354
    4.150726719    0.390258073    0.390258304
    4.280436929    0.390258686    0.390258223
    4.410147139    0.390257993    0.390258158
    4.539857349    0.390258526    0.390258062
    4.669567559    0.390257901    0.390257975
    4.799277769    0.390258327    0.390257859
    4.928987979    0.390257788    0.390257745
    5.058698189    0.390258082    0.390257602
    5.188408399    0.390257644    0.390257452
    5.318118609    0.390257782    0.390257271
    5.447828819    0.390257451    0.390257074
    5.577539029    0.390257415    0.390256843
    5.707249239    0.390257189    0.390256582
    5.836959449    0.390256962    0.390256283
    5.966669659    0.390256831    0.390255937
    6.096379869    0.390256398    0.390255546
    6.226090079    0.390256341    0.390255087
    6.355800289    0.390255687    0.390254568
    6.485510499    0.390255670    0.390253957
    6.615220709    0.390254778    0.390253266
    6.744930919    0.390254754    0.390252449
    6.874641129    0.390253604    0.390251523
    7.004351339    0.390253508    0.390250428
    7.134061549    0.390252068    0.390249180
    7.263771759    0.390251815    0.390247708
    7.393481969    0.390250040    0.390246024
    7.523192179    0.390249519    0.390244047
    7.652902388    0.390247341    0.390241783
    7.782612598    0.390246407    0.390239128
    7.912322808    0.390243724    0.390236068
    8.042033018    0.390242190    0.390232482
    8.171743228    0.390238852    0.390228331
    8.301453438    0.390236475    0.390223469
    8.431163648    0.390232266    0.390217823
    8.560873858    0.390228724    0.390211215
    8.690584068    0.390223336    0.390203524
    8.820294278    0.390218215    0.390194529
    8.950004488    0.390211377    0.390184043
    9.079714698    0.390204318    0.390171789
    9.209424908    0.390195272    0.390157491
    9.339135118    0.390185312    0.390140793
    9.468845328    0.390173188    0.390121305
    9.598555538    0.390159302    0.390098560
    9.728265748    0.390142936    0.390072019
    9.857975958    0.390123742    0.390041067
    9.987686168    0.390101535    0.390004969
   10.117396378    0.390075163    0.389962911
   10.247106588    0.390044937    0.389913906
   10.376816798    0.390008865    0.389856870
   10.506527008    0.389967669    0.389790484
   10.636237218    0.389918496    0.389713305
   10.765947428    0.389862347    0.389623600
   10.895657638    0.389795497    0.389519458
   11.025367848    0.389719052    0.389398599
   11.155078058    0.389628414    0.389258497
   11.284788268    0.389524568    0.389096164
   11.414498478    0.389402031    0.388908276
   11.544208688    0.389261381    0.388690930
   11.673918898    0.389096222    0.388439755
   11.803629108    0.388906383    0.388149655
   11.933339318    0.388684491    0.387814893
   12.063049528    0.388429209    0.387428827
   12.192759738    0.388132062    0.386983919
   12.322469948    0.387790054    0.386471489
   12.452180158    0.387393421    0.385881644
   12.581890368    0.386936946    0.385203015
   12.711600577    0.386409291    0.384422588
   12.841310787    0.385802313    0.383525429
   12.971020997    0.385102585    0.382494381
   13.100731207    0.384298120    0.381309754
   13.230441417    0.383372646    0.379948858
   13.360151627    0.382309340    0.378385615
   13.489861837    0.381088145    0.376589905
   13.619572047    0.379685610    0.374527118
   13.749282257    0.378076461    0.372157357
   13.878992467    0.376229057    0.369434958
   14.008702677    0.374110588    0.366307595
   14.138412887    0.371678609    0.362715734
   14.268123097    0.368889895    0.358591566
   14.397833307    0.365687925    0.353858250
   14.527543517    0.362014963    0.348428547
   14.657253727    0.357795622    0.342203693
   14.786963937    0.352951783    0.335071698
   14.916674147    0.347383174    0.326905722
   15.046384357    0.340985115    0.317561934
   15.176094567    0.333627554    0.306876946
   15.305804777    0.325174880    0.294664425
   15.435514987    0.315464063    0.280710071
   15.565225197    0.304324138    0.264765027
   15.694935407    0.291553442    0.246535401
   15.824645617    0.276936038    0.225668499
   15.954355827    0.260219421    0.201730384
   16.084066037    0.241126474    0.174181932
   16.213776247    0.219336754    0.142375694
   16.343486457    0.194491895    0.105601685
   16.473196667    0.166181028    0.063164698
   16.602906877    0.133930883    0.014488161
   16.732617087    0.097188468   -0.040808996
   16.862327297    0.055278927   -0.102761301
   16.992037507    0.007374575   -0.170831620
   17.121747717   -0.047602802   -0.243891097
   17.251457927   -0.111048831   -0.320364844
   17.381168137   -0.184888726   -0.398390921
   17.510878347   -0.271599443   -0.475936696
   17.640588557   -0.373747837   -0.550928984
   17.770298767   -0.492850434   -0.621397470
   17.900008976   -0.628667519   -0.685588547
   18.029719186   -0.778575248   -0.742101134
   18.159429396   -0.938207051   -0.790048273
   18.289139606   -1.099728137   -0.829127464
   18.418849816   -1.250153273   -0.859455894
   18.548560026   -1.376043835   -0.881365498
   18.678270236   -1.467342726   -0.895314707
   18.807980446   -1.517663743   -0.901779216
   18.937690656   -1.523333393   -0.901140113
   19.067400866   -1.483696166   -0.893601281
   19.197111076   -1.401438423   -0.879169439
   19.326821286   -1.281902863   -0.857720702
   19.456531496   -1.133608474   -0.829099035
   19.586241706   -0.968853330   -0.793238162
   19.715951916   -0.801632912   -0.750246990
   19.845662126   -0.642274970   -0.700572551
   19.975372336   -0.496546309   -0.645230330
   20.105082546   -0.368434617   -0.585837155
   20.234792756   -0.259732528   -0.524474164
   20.364502966   -0.170189364   -0.463549154
   20.494213176   -0.098206304   -0.405700496
   20.623923386   -0.041815479   -0.353681794
   20.753633596    0.000470525   -0.310183397
   20.883343806    0.029630826   -0.277651345
   21.013054016    0.046224832   -0.258049723
   21.142764226    0.050589893   -0.252614688
   21.272474436    0.042783950   -0.261675660
   21.402184646    0.022717821   -0.284592442
   21.531894856   -0.010000801   -0.319862774
   21.661605066   -0.055993933   -0.365323130
   21.791315276   -0.116388531   -0.418409525
   21.921025486   -0.192814240   -0.476374457
   22.050735696   -0.287266039   -0.536465840
   22.180445906   -0.400975284   -0.596093072
   22.310156116   -0.533665671   -0.652927323
   22.439866326   -0.682771170   -0.705007687
   22.569576536   -0.843847517   -0.750889414
   22.699286746   -1.010035259   -0.789756892
   22.828996956   -1.169360954   -0.821321924
   22.958707165   -1.307763963   -0.845593288
   23.088417375   -1.414022787   -0.862759942
   23.218127585   -1.480719629   -0.873097272
   23.347837795   -1.503382790   -0.876847485
   23.477548005   -1.480308124   -0.874129742
   23.607258215   -1.413241801   -0.864893398
   23.736968425   -1.306717263   -0.848964400
   23.866678635   -1.168217536   -0.826135717
   23.996388845   -1.009054902   -0.796286602
   24.126099055   -0.843362095   -0.759478654
   24.255809265   -0.683211793   -0.716073034
   24.385519475   -0.535523532   -0.666965792
   24.515229685   -0.404833862   -0.613692532
   24.644939895   -0.293752525   -0.558326013
   24.774650105   -0.202643420   -0.503334527
   24.904360315   -0.130306156   -0.451463605
   25.034070525   -0.074830118   -0.405577952
   25.163780735   -0.034608325   -0.368440426
   25.293490945   -0.008605958   -0.342490141
   25.423201155    0.003758465   -0.329635722
   25.552911365    0.002735278   -0.330970598
   25.682621575   -0.011705988   -0.346426679
   25.812331785   -0.039894385   -0.374807267
   25.942041995   -0.082478985   -0.414147266
   26.071752205   -0.140592848   -0.461977409
   26.201462415   -0.215915464   -0.515529910
   26.331172625   -0.310351581   -0.571963246
   26.460882835   -0.424938101   -0.628578154
   26.590593045   -0.559078698   -0.682964550
   26.720303255   -0.709860707   -0.733122138
   26.850013465   -0.872565897   -0.777602408
   26.979723675   -1.039757065   -0.815587980
   27.109433885   -1.198851962   -0.846751118
   27.239144095   -1.335965312   -0.871018406
   27.368854305   -1.440343510   -0.888462572
   27.498564515   -1.504927141   -0.899198179
   27.628274725   -1.525460046   -0.903264649
   27.757984935   -1.500610157   -0.900538488
   27.887695145   -1.432449029   -0.890698286
   28.017405354   -1.325717234   -0.873280459
   28.147115564   -1.188232860   -0.847774220
   28.276825774   -1.031652162   -0.813742277
   28.406535984   -0.869909695   -0.770910134
   28.536246194   -0.714016899   -0.719294685
   28.665956404   -0.569853606   -0.659432340
   28.795666614   -0.441110207   -0.592441586
   28.925376824   -0.329397945   -0.519888435
   29.055087034   -0.234121654   -0.443629685
   29.184797244   -0.153213751   -0.365691672
   29.314507454   -0.084026930   -0.288146141
   29.444217664   -0.024328094   -0.212962599
   29.573927874    0.027564803   -0.141894669
   29.703638084    0.072873984   -0.076346441
   29.833348294    0.112573397   -0.017207442
   29.963058504    0.147398263    0.035246338
   30.092768714    0.177981972    0.081223930
   30.222478924    0.204822017    0.121196100
   30.352189134    0.228378968    0.155799037
   30.481899344    0.249024105    0.185743642
   30.611609554    0.267114252    0.211718769
   30.741319764    0.282937054    0.234326806
   30.871029974    0.296772435    0.254057961
   31.000740184    0.308845175    0.271307828
   31.130450394    0.319376371    0.286401132
   31.260160604    0.328544825    0.299611237
   31.389870814    0.336527246    0.311170951
   31.519581024    0.343467710    0.321282368
   31.649291234    0.349506305    0.330121484
   31.779001444    0.354757333    0.337843518
   31.908711654    0.359327982    0.344584853
   32.038421864    0.363306262    0.350466290
   32.168132074    0.366771115    0.355594117
   32.297842284    0.369789619    0.360062447
   32.427552494    0.372418846    0.363954070
   32.557262704    0.374710803    0.367342186
   32.686972914    0.376706396    0.370291099
   32.816683124    0.378446830    0.372857414
   32.946393334    0.379960842    0.375090663
   33.076103543    0.381281639    0.377034119
   33.205813753    0.382428811    0.378725482
   33.335523963    0.383429670    0.380197440
   33.465234173    0.384297158    0.381478454
   33.594944383    0.385054258    0.382593097
   33.724654593    0.385708641    0.383562861
   33.854364803    0.386279783    0.384406261
   33.984075013    0.386771842    0.385139604
   34.113785223    0.387201374    0.385776891
   34.243495433    0.387570052    0.386330544
   34.373205643    0.387891976    0.386811173
   34.502915853    0.388167206    0.387228267
   34.632626063    0.388407641    0.387589884
   34.762336273    0.388612379    0.387903295
   34.892046483    0.388791293    0.388174628
   35.021756693    0.388943060    0.388409455
   35.151466903    0.389075674    0.388612428
   35.281177113    0.389187825    0.388787822
   35.410887323    0.389285735    0.388939175
   35.540597533    0.389368417    0.389069756
   35.670307743    0.389440416    0.389182254
   35.800017953    0.389501289    0.389279160
   35.929728163    0.389554010    0.389362518
   36.059438373    0.389598829    0.389434212
   36.189148583    0.389637262    0.389495794
   36.318858793    0.389670319    0.389548685
   36.448569003    0.389698184    0.389594069
   36.578279213    0.389722645    0.389632999
   36.707989423    0.389742704    0.389666376
   36.837699633    0.389760893    0.389694970
   36.967409843    0.389775202    0.389719476
   37.097120053    0.389788821    0.389740446
   37.226830263    0.389798908    0.389758419
   37.356540473    0.389809191    0.389773780
   37.486250683    0.389816190    0.389786956
   37.615960893    0.389824024    0.389798203
   37.745671103    0.389828865    0.389807862
   37.875381313    0.389835134    0.389816097
   38.005091523    0.389838431    0.389823183
   38.134801732    0.389843346    0.389829215
   38.264511942    0.389845491    0.389834420
   38.394222152    0.389849373    0.389838845
   38.523932362    0.389850719    0.389842678
   38.653642572    0.389853796    0.389845932
   38.783352782    0.389854610    0.389848763
   38.913062992    0.389857040    0.389851165
   39.042773202    0.389857522    0.389853267
   39.172483412    0.389859418    0.389855050
   39.302193622    0.389859716    0.389856617
   39.431903832    0.389861159    0.389857938
   39.561614042    0.389861384    0.389859102
   39.691324252    0.389862432    0.389860082
   39.821034462    0.389862663    0.389860948
   39.950744672    0.389863362    0.389861680
   40.080454882    0.389863653    0.389862325
   40.210165092    0.389864042    0.389862875
   40.339875302    0.389864426    0.389863358
   40.469585512    0.389864540    0.389863775
   40.599295722    0.389865035    0.389864137
   40.729005932    0.389864908    0.389864457
   40.858716142    0.389865518    0.389864728
   40.988426352    0.389865185    0.389864977
   41.118136562    0.389865902    0.389865181
   41.247846772    0.389865398    0.389865377
   41.377556982    0.389866207    0.389865531
   41.507267192    0.389865569    0.389865688
   41.636977402    0.389866447    0.389865804
   41.766687612    0.389865713    0.389865933
   41.896397822    0.389866633    0.389866020
   42.026108032    0.389865841    0.389866127
   42.155818242    0.389866774    0.389866194
   42.285528452    0.389865962    0.389866283
   42.415238662    0.389866875    0.389866334
   42.544948872    0.389866079    0.389866411
   42.674659082    0.389866943    0.389866450
   42.804369292    0.389866198    0.389866516
   42.934079502    0.389866983    0.389866547
   43.063789712    0.389866318    0.389866603
   43.193499922    0.389866998    0.389866629
   43.323210131    0.389866441    0.389866677
   43.452920341    0.389866994    0.389866699
   43.582630551    0.389866565    0.389866739
   43.712340761    0.389866974    0.389866759
   43.842050971    0.389866689    0.389866792
   43.971761181    0.389866942    0.389866811
   44.101471391    0.389866811    0.389866838
   44.231181601    0.389866902    0.389866857
   44.360891811    0.389866929    0.389866878
   44.490602021    0.389866858    0.389866896
   44.620312231    0.389867039    0.389866912
   44.750022441    0.389866813    0.389866930
   44.879732651    0.389867140    0.389868077
   45.009442861    0.389866771    0.389871125
   45.139153071    0.389867230    0.389876053
   45.268863281    0.389866734    0.389882888
   45.398573491    0.389867305    0.389891599
   45.528283701    0.389866704    0.389902221
   45.657993911    0.389867364    0.389914713
   45.787704121    0.389866684    0.389929122
   45.917414331    0.389867406    0.389945398
   46.047124541    0.389866674    0.389962456
   46.176834751    0.389867430    0.389979487
   46.306544961    0.389892803    0.389996544
   46.436255171    0.389937109    0.390013573
   46.565965381    0.389979907    0.390030628
