    0.000000000    0.310195258    0.310292850
    0.129015326    0.310373345    0.310362916
    0.258030652    0.310553431    0.310432958
    0.387045979    0.310731296    0.310503023
    0.516061305    0.310911569    0.310573059
    0.645076631    0.311089270    0.310643122
    0.774091957    0.311162249    0.310713154
    0.903107284    0.311160827    0.310783214
    1.032122610    0.311162247    0.310853241
    1.161137936    0.311160802    0.310918628
    1.290153262    0.311162200    0.310976198
    1.419168589    0.311160807    0.311026013
    1.548183915    0.311162110    0.311068013
    1.677199241    0.311160840    0.311102254
    1.806214567    0.311161979    0.311128685
    1.935229893    0.311160898    0.311147353
    2.064245220    0.311161812    0.311158215
    2.193260546    0.311160975    0.311161308
    2.322275872    0.311161614    0.311161272
    2.451291198    0.311161064    0.311161245
    2.580306525    0.311161392    0.311161209
    2.709321851    0.311161159    0.311161174
    2.838337177    0.311161153    0.311161138
    2.967352503    0.311161251    0.311161096
    3.096367829    0.311160908    0.311161059
    3.225383156    0.311161331    0.311161009
    3.354398482    0.311160662    0.311160972
    3.483413808    0.311161390    0.311160913
    3.612429134    0.311160425    0.311160875
    3.741444461    0.311161420    0.311160809
    3.870459787    0.311160203    0.311160769
    3.999475113    0.311161415    0.311160696
    4.128490439    0.311160003    0.311160652
    4.257505766    0.311161367    0.311160572
    4.386521092    0.311159828    0.311160523
    4.515536418    0.311161272    0.311160436
    4.644551744    0.311159680    0.311160381
    4.773567070    0.311161127    0.311160288
    4.902582397    0.311159559    0.311160223
    5.031597723    0.311160929    0.311160123
    5.160613049    0.311159463    0.311160047
    5.289628375    0.311160679    0.311159939
    5.418643702    0.311159388    0.311159849
    5.547659028    0.311160378    0.311159731
    5.676674354    0.311159324    0.311159624
    5.805689680    0.311160026    0.311159493
    5.934705007    0.311159262    0.311159363
    6.063720333    0.311159626    0.311159216
    6.192735659    0.311159189    0.311159058
    6.321750985    0.311159179    0.311158887
    6.450766311    0.311159086    0.311158692
    6.579781638    0.311158684    0.311158490
    6.708796964    0.311158933    0.311158248
    6.837812290    0.311158136    0.311158000
    6.966827616    0.311158704    0.311157697
    7.095842943    0.311157525    0.311157385
    7.224858269    0.311158369    0.311157000
    7.353873595    0.311156835    0.311156600
    7.482888921    0.311157886    0.311156105
    7.611904248    0.311156035    0.311155592
    7.740919574    0.311157206    0.311154976
    7.869934900    0.311155082    0.311154248
    7.998950226    0.311156263    0.311153328
    8.127965552    0.311153909    0.311152377
    8.256980879    0.311154969    0.311151259
    8.385996205    0.311152420    0.311149998
    8.515011531    0.311153204    0.311148492
    8.644026857    0.311150477    0.311146768
    8.773042184    0.311150809    0.311144721
    8.902057510    0.311147893    0.311142351
    9.031072836    0.311147826    0.311139546
    9.160088162    0.311145016    0.311136272
    9.289103488    0.311142441    0.311132410
    9.418118815    0.311137917    0.311127873
    9.547134141    0.311136817    0.311122530
    9.676149467    0.311133224    0.311116230
    9.805164793    0.311129123    0.311108815
    9.934180120    0.311124057    0.311100055
   10.063195446    0.311117891    0.311089743
   10.192210772    0.311111274    0.311077548
   10.321226098    0.311102323    0.311063191
   10.450241425    0.311093387    0.311046205
   10.579256751    0.311080736    0.311026187
   10.708272077    0.311068363    0.311002496
   10.837287403    0.311050750    0.310974648
   10.966302729    0.311033355    0.310941765
   11.095318056    0.311009028    0.310902952
   11.224333382    0.310984410    0.310857080
   11.353348708    0.310950935    0.310803052
   11.482364034    0.310916038    0.310739302
   11.611379361    0.310870002    0.310664251
   11.740394687    0.310820579    0.310575809
   11.869410013    0.310757212    0.310471769
   11.998425339    0.310687418    0.310349344
   12.127440666    0.310600119    0.310205431
   12.256455992    0.310501955    0.310036203
   12.385471318    0.310381606    0.309837521
   12.514486644    0.310244120    0.309604359
   12.643501970    0.310078169    0.309330861
   12.772517297    0.309886461    0.309010182
   12.901532623    0.309657805    0.308634366
   13.030547949    0.309391728    0.308194131
   13.159563275    0.309077116    0.307678592
   13.288578602    0.308709401    0.307075119
   13.417593928    0.308277606    0.306368801
   13.546609254    0.307770745    0.305542355
   13.675624580    0.307176114    0.304575266
   13.804639906    0.306481057    0.303443704
   13.933655233    0.305670641    0.302119306
   14.062670559    0.304718569    0.300569005
   14.191685885    0.303608789    0.298753352
   14.320701211    0.302307160    0.296626113
   14.449716538    0.300790646    0.294132008
   14.578731864    0.299012596    0.291205988
   14.707747190    0.296940696    0.287770423
   14.836762516    0.294511916    0.283734020
   14.965777843    0.291679146    0.278988395
   15.094793169    0.288357072    0.273406323
   15.223808495    0.284476042    0.266837164
   15.352823821    0.279920436    0.259103293
   15.481839147    0.274587215    0.249993939
   15.610854474    0.268318144    0.239259278
   15.739869800    0.260959961    0.226603783
   15.868885126    0.252293382    0.211694898
   15.997900452    0.242093281    0.194188897
   16.126915779    0.230059115    0.173768991
   16.255931105    0.215872141    0.150194331
   16.384946431    0.199128233    0.123341044
   16.513961757    0.179383087    0.093284451
   16.642977084    0.156085447    0.060323476
   16.771992410    0.128602024    0.024893603
   16.901007736    0.096155497   -0.012529184
   17.030023062    0.057821372   -0.051465047
   17.159038388    0.012532405   -0.091430859
   17.288053715   -0.040597199   -0.131943844
   17.417069041   -0.101847373   -0.172520368
   17.546084367   -0.170645242   -0.212673829
   17.675099693   -0.245276489   -0.251907106
   17.804115020   -0.323113693   -0.289706264
   17.933130346   -0.399622481   -0.325536319
   18.062145672   -0.469745350   -0.358838828
   18.191160998   -0.530411035   -0.389030872
   18.320176324   -0.580803680   -0.415503807
   18.449191651   -0.620937637   -0.437659457
   18.578206977   -0.650895534   -0.455006309
   18.707222303   -0.670838688   -0.467240122
   18.836237629   -0.680966664   -0.474224826
   18.965252956   -0.681436322   -0.475940136
   19.094268282   -0.672306258   -0.472482216
   19.223283608   -0.653508499   -0.464065131
   19.352298934   -0.624963035   -0.451027369
   19.481314261   -0.586574601   -0.433890483
   19.610329587   -0.538331572   -0.413379246
   19.739344913   -0.480275477   -0.390343759
   19.868360239   -0.413424457   -0.365674177
   19.997375565   -0.341156236   -0.340274337
   20.126390892   -0.268845294   -0.315064734
   20.255406218   -0.201245390   -0.290961996
   20.384421544   -0.141299502   -0.268850055
   20.513436870   -0.091113073   -0.249536136
   20.642452197   -0.051683533   -0.233715797
   20.771467523   -0.023245177   -0.221921381
   20.900482849   -0.005474087   -0.214450358
   21.029498175    0.002013089   -0.211405862
   21.158513502   -0.000594841   -0.212801502
   21.287528828   -0.013403273   -0.218634428
   21.416544154   -0.036741337   -0.228856449
   21.545559480   -0.071074649   -0.243274365
   21.674574806   -0.116475723   -0.261464905
   21.803590133   -0.172392023   -0.282801789
   21.932605459   -0.237216176   -0.306532284
   22.061620785   -0.308438460   -0.331809149
   22.190636111   -0.382236946   -0.357736950
   22.319651438   -0.453129489   -0.383405160
   22.448666764   -0.516551194   -0.407914827
   22.577682090   -0.570431309   -0.430383339
   22.706697416   -0.614432772   -0.449950139
   22.835712743   -0.648530930   -0.465838021
   22.964728069   -0.672768310   -0.477452607
   23.093743395   -0.687227702   -0.484414902
   23.222758721   -0.691993733   -0.486507230
   23.351774047   -0.687100880   -0.483641950
   23.480789374   -0.672480962   -0.475869127
   23.609804700   -0.648022966   -0.463368477
   23.738820026   -0.613614013   -0.446479951
   23.867835352   -0.569196429   -0.425757313
   23.996850679   -0.514762686   -0.401934148
   24.125866005   -0.450631238   -0.375823624
   24.254881331   -0.378824562   -0.348254583
   24.383896657   -0.303876801   -0.320067008
   24.512911983   -0.231207443   -0.292119520
   24.641927310   -0.164599274   -0.265287005
   24.770942636   -0.106490570   -0.240439844
   24.899957962   -0.058441243   -0.218414986
   25.028973288   -0.020923512   -0.199972684
   25.157988615    0.006199135   -0.185762141
   25.287003941    0.023491198   -0.176251326
   25.416019267    0.031381592   -0.171673896
   25.545034593    0.030110753   -0.172096047
   25.674049920    0.019655174   -0.177509899
   25.803065246   -0.000216717   -0.187815612
   25.932080572   -0.029976082   -0.202717663
   26.061095898   -0.070079865   -0.221689129
   26.190111224   -0.120509018   -0.244043403
   26.319126551   -0.180529144   -0.268991590
   26.448141877   -0.248308025   -0.295676947
   26.577157203   -0.321180479   -0.323216257
   26.706172529   -0.394865267   -0.350724723
   26.835187856   -0.463915532   -0.377334203
   26.964203182   -0.524472163   -0.402191571
   27.093218508   -0.575149838   -0.424451636
   27.222233834   -0.615855948   -0.443291115
   27.351249161   -0.646623988   -0.457986648
   27.480264487   -0.667551148   -0.468003417
   27.609279813   -0.678747580   -0.472997879
   27.738295139   -0.680298878   -0.472756007
   27.867310465   -0.672204458   -0.467176798
   27.996325792   -0.654327638   -0.456275166
   28.125341118   -0.626495575   -0.440174862
   28.254356444   -0.588526842   -0.419152623
   28.383371770   -0.540337868   -0.393674454
   28.512387097   -0.481870751   -0.364333208
   28.641402423   -0.413652841   -0.331746097
   28.770417749   -0.338213966   -0.296506333
   28.899433075   -0.260361770   -0.259180388
   29.028448401   -0.184952496   -0.220310829
   29.157463728   -0.114945967   -0.180417101
   29.286479054   -0.052207335   -0.140000697
   29.415494380    0.002429498   -0.099549689
   29.544509706    0.049126526   -0.059547845
   29.673525033    0.088646218   -0.020476836
   29.802540359    0.122082372    0.017180979
   29.931555685    0.150376485    0.052946308
   30.060571011    0.174353724    0.086342417
   30.189586338    0.194658626    0.116920163
   30.318601664    0.211872729    0.144344071
   30.447616990    0.226448727    0.168490911
   30.576632316    0.238808148    0.189451329
   30.705647642    0.249278432    0.207446823
   30.834662969    0.258168709    0.222782088
   30.963678295    0.265714780    0.235799491
   31.092693621    0.272137632    0.246836036
   31.221708947    0.277602905    0.256196408
   31.350724274    0.282264688    0.264139211
   31.479739600    0.286239778    0.270882655
   31.608754926    0.289635298    0.276610079
   31.737770252    0.292535924    0.281477045
   31.866785579    0.295015549    0.285614869
   31.995800905    0.297137117    0.289135204
   32.124816231    0.298950407    0.292132223
   32.253831557    0.300503754    0.294685779
   32.382846883    0.301829761    0.296863004
   32.511862210    0.302967058    0.298720636
   32.640877536    0.303934781    0.300306402
   32.769892862    0.304766836    0.301660668
   32.898908188    0.305475704    0.302817580
   33.027923515    0.306084482    0.303806067
   33.156938841    0.306598844    0.304650760
   33.285954167    0.307042670    0.305372507
   33.414969493    0.307416447    0.305989195
   33.543984820    0.307739570    0.306515926
   33.673000146    0.308010220    0.306965778
   33.802015472    0.308244883    0.307349749
   33.931030798    0.308440323    0.307677454
   34.060046124    0.308610243    0.307956920
   34.189061451    0.308751021    0.308195283
   34.318076777    0.308873681    0.308398362
   34.447092103    0.308974966    0.308571291
   34.576107429    0.309063231    0.308718419
   34.705122756    0.309136122    0.308843637
   34.834138082    0.309199371    0.308950065
   34.963153408    0.309251925    0.309040540
   35.092168734    0.309297003    0.309117357
   35.221184060    0.309335073    0.309182596
   35.350199387    0.309366982    0.309237937
   35.479214713    0.309394778    0.309284895
   35.608230039    0.309417139    0.309324695
   35.737245365    0.309437645    0.309358376
   35.866260692    0.309453082    0.309386936
   35.995276018    0.309468413    0.309411195
   36.124291344    0.309478858    0.309431763
   36.253306670    0.309490507    0.309449162
   36.382321997    0.309497377    0.309463929
   36.511337323    0.309506368    0.309476419
   36.640352649    0.309510706    0.309487038
   36.769367975    0.309517735    0.309496010
   36.898383301    0.309520347    0.309503655
   37.027398628    0.309525662    0.309510108
   37.156413954    0.309525678    0.309515622
   37.285429280    0.309530561    0.309520270
   37.414444606    0.309532913    0.309524259
   37.543459933    0.309536312    0.309527616
   37.672475259    0.309536292    0.309530511
   37.801490585    0.309539008    0.309532946
   37.930505911    0.309539201    0.309535056
   38.059521238    0.309541226    0.309536832
   38.188536564    0.309541444    0.309538379
   38.317551890    0.309542824    0.309539686
   38.446567216    0.309543181    0.309540827
   38.575582542    0.309543976    0.309541809
   38.704597869    0.309544548    0.309542732
   38.833613195    0.309544814    0.309543516
   38.962628521    0.309545638    0.309544136
   39.091643847    0.309545435    0.309544681
   39.220659174    0.309546514    0.309545167
   39.349674500    0.309545907    0.309545604
   39.478689826    0.309547220    0.309545975
   39.607705152    0.309546285    0.309546321
   39.736720478    0.309547788    0.309546608
   39.865735805    0.309546605    0.309546888
   39.994751131    0.309548240    0.309547112
   40.123766457    0.309546896    0.309547343
   40.252781783    0.309548593    0.309547523
   40.381797110    0.309547175    0.309547717
   40.510812436    0.309548861    0.309547862
   40.639827762    0.309547456    0.309548029
   40.768843088    0.309549054    0.309548149
   40.897858415    0.309547745    0.309548294
   41.026873741    0.309549183    0.309548396
   41.155889067    0.309548044    0.309548522
   41.284904393    0.309549257    0.309548612
   41.413919719    0.309548352    0.309548723
   41.542935046    0.309549289    0.309548804
   41.671950372    0.309548667    0.309548900
   41.800965698    0.309549287    0.309548975
   41.929981024    0.309548981    0.309549060
   42.058996351    0.309549261    0.309549130
   42.188011677    0.309549289    0.309549204
   42.317027003    0.309549224    0.309549271
   42.446042329    0.309549583    0.309549335
   42.575057656    0.309549182    0.309549400
   42.704072982    0.309549855    0.309549454
   42.833088308    0.309549147    0.309549518
   42.962103634    0.309550099    0.309549563
   43.091118960    0.309549126    0.309549625
   43.220134287    0.309550308    0.309549663
   43.349149613    0.309549126    0.309549723
   43.478164939    0.309550477    0.309549755
   43.607180265    0.309549151    0.309549812
   43.736195592    0.309550603    0.309549838
   43.865210918    0.309549205    0.309549893
   43.994226244    0.309550685    0.309549914
   44.123241570    0.309549288    0.309549965
   44.252256896    0.309550721    0.309549982
   44.381272223    0.309549401    0.309550029
   44.510287549    0.309550715    0.309550044
   44.639302875    0.309549540    0.309554755
   44.768318201    0.309550669    0.309567223
   44.897333528    0.309549702    0.309587496
   45.026348854    0.309550590    0.309615530
   45.155364180    0.309549880    0.309651364
   45.284379506    0.309550483    0.309694966
   45.413394833    0.309550067    0.309746361
   45.542410159    0.309550356    0.309805530
   45.671425485    0.309550257    0.309872486
   45.800440811    0.309550217    0.309942552
   45.929456137    0.309550440    0.310012614
   46.058471464    0.309657493    0.310082681
   46.187486790    0.309837055    0.310152735
   46.316502116    0.310015413    0.310222802
