    0.000000000    0.500992873    0.501410255
    0.127062027    0.501754821    0.501707752
    0.254124053    0.502513632    0.502005203
    0.381186080    0.503274838    0.502302689
    0.508248107    0.504034454    0.502600150
    0.635310133    0.504794808    0.502897621
    0.762372160    0.505099171    0.503195093
    0.889434187    0.505098453    0.503492550
    1.016496214    0.505099573    0.503790033
    1.143558240    0.505098065    0.504067645
    1.270620267    0.505099901    0.504312253
    1.397682294    0.505097765    0.504523750
    1.524744320    0.505100116    0.504702260
    1.651806347    0.505097585    0.504847645
    1.778868374    0.505100195    0.504960052
    1.905930400    0.505097543    0.505039328
    2.032992427    0.505100125    0.505085629
    2.160054454    0.505097642    0.505098801
    2.287116481    0.505099911    0.505098822
    2.414178507    0.505097869    0.505098777
    2.541240534    0.505099574    0.505098789
    2.668302561    0.505098197    0.505098752
    2.795364587    0.505099147    0.505098751
    2.922426614    0.505098588    0.505098722
    3.049488641    0.505098671    0.505098707
    3.176550667    0.505098995    0.505098689
    3.303612694    0.505098194    0.505098657
    3.430674721    0.505099370    0.505098649
    3.557736748    0.505097765    0.505098603
    3.684798774    0.505099666    0.505098603
    3.811860801    0.505097423    0.505098543
    3.938922828    0.505099844    0.505098547
    4.065984854    0.505097201    0.505098476
    4.193046881    0.505099877    0.505098481
    4.320108908    0.505097118    0.505098402
    4.447170934    0.505099752    0.505098401
    4.574232961    0.505097176    0.505098317
    4.701294988    0.505099473    0.505098305
    4.828357014    0.505097359    0.505098219
    4.955419041    0.505099056    0.505098190
    5.082481068    0.505097638    0.505098102
    5.209543095    0.505098534    0.505098050
    5.336605121    0.505097969    0.505097961
    5.463667148    0.505097945    0.505097880
    5.590729175    0.505098298    0.505097785
    5.717791201    0.505097334    0.505097669
    5.844853228    0.505098569    0.505097563
    5.971915255    0.505096744    0.505097405
    6.098977281    0.505098722    0.505097278
    6.226039308    0.505096209    0.505097071
    6.353101335    0.505098703    0.505096909
    6.480163362    0.505095747    0.505096642
    6.607225388    0.505098468    0.505096425
    6.734287415    0.505095361    0.505096084
    6.861349442    0.505097977    0.505095787
    6.988411468    0.505095025    0.505095350
    7.115473495    0.505097202    0.505094938
    7.242535522    0.505094687    0.505094376
    7.369597548    0.505096119    0.505093803
    7.496659575    0.505094264    0.505093073
    7.623721602    0.505094701    0.505092285
    7.750783628    0.505093640    0.505091334
    7.877845655    0.505092909    0.505090256
    8.004907682    0.505092660    0.505088996
    8.131969709    0.505090680    0.505087520
    8.259031735    0.505091131    0.505085825
    8.386093762    0.505087907    0.505083805
    8.513155789    0.505088807    0.505081501
    8.640217815    0.505084414    0.505078735
    8.767279842    0.505085381    0.505075580
    8.894341869    0.505079972    0.505071790
    9.021403895    0.505080587    0.505067450
    9.148465922    0.505074337    0.505062253
    9.275527949    0.505073916    0.505056266
    9.402589976    0.505066756    0.505049128
    9.529652002    0.505064537    0.505040856
    9.656714029    0.505056370    0.505031039
    9.783776056    0.505051518    0.505019599
    9.910838082    0.505042026    0.505006075
   10.037900109    0.505033584    0.504990249
   10.164962136    0.505022123    0.504971593
   10.292024162    0.505008958    0.504949693
   10.419086189    0.504994444    0.504923926
   10.546148216    0.504975160    0.504893618
   10.673210243    0.504955935    0.504857996
   10.800272269    0.504928742    0.504816057
   10.927334296    0.504902396    0.504766800
   11.054396323    0.504864884    0.504708800
   11.181458349    0.504828023    0.504640713
   11.308520376    0.504776859    0.504560571
   11.435582403    0.504724801    0.504466526
   11.562644429    0.504655321    0.504355921
   11.689706456    0.504581696    0.504226190
   11.816768483    0.504487336    0.504073785
   11.943830509    0.504383502    0.503895137
   12.070892536    0.504255028    0.503685543
   12.197954563    0.504109307    0.503440069
   12.325016590    0.503933862    0.503152491
   12.452078616    0.503730535    0.502816031
   12.579140643    0.503490358    0.502422442
   12.706202670    0.503208248    0.501962454
   12.833264696    0.502878988    0.501425092
   12.960326723    0.502489677    0.500797718
   13.087388750    0.502038318    0.500065631
   13.214450776    0.501503636    0.499211622
   13.341512803    0.500885544    0.498215880
   13.468574830    0.500154487    0.497054980
   13.595636857    0.499310031    0.495702042
   13.722698883    0.498314463    0.494125105
   13.849760910    0.497163812    0.492287418
   13.976822937    0.495812337    0.490145173
   14.103884963    0.494248300    0.487647797
   14.230946990    0.492417540    0.484735081
   14.358009017    0.490295185    0.481337305
   14.485071043    0.487817312    0.477371825
   14.612133070    0.484939504    0.472742743
   14.739195097    0.481585261    0.467336895
   14.866257124    0.477682798    0.461022529
   14.993319150    0.473137457    0.453644400
   15.120381177    0.467839754    0.445020616
   15.247443204    0.461667063    0.434936204
   15.374505230    0.454458910    0.423136740
   15.501567257    0.446050702    0.409318927
   15.628629284    0.436215782    0.393118265
   15.755691310    0.424730134    0.374093044
   15.882753337    0.411283648    0.351700133
   16.009815364    0.395569432    0.325264241
   16.136877390    0.377169129    0.293929920
   16.263939417    0.355655116    0.256604721
   16.391001444    0.330457523    0.211908473
   16.518063471    0.300963012    0.158188468
   16.645125497    0.266372993    0.093660012
   16.772187524    0.225776120    0.016809772
   16.899249551    0.178002646   -0.073204372
   17.026311577    0.121633063   -0.176224192
   17.153373604    0.054837464   -0.290744593
   17.280435631   -0.024741770   -0.413912879
   17.407497657   -0.120208204   -0.541850605
   17.534559684   -0.235749871   -0.670120210
   17.661621711   -0.376894327   -0.794182753
   17.788683738   -0.550330899   -0.909823935
   17.915745764   -0.762422663   -1.013624352
   18.042807791   -1.016314737   -1.103345820
   18.169869818   -1.305888456   -1.178098083
   18.296931844   -1.615866389   -1.238112902
   18.423993871   -1.923405156   -1.284387587
   18.551055898   -2.197753439   -1.318352292
   18.678117924   -2.408140447   -1.341416284
   18.805179951   -2.531284055   -1.354694822
   18.932241978   -2.554631489   -1.358929293
   19.059304004   -2.476269353   -1.354466767
   19.186366031   -2.304092081   -1.341264421
   19.313428058   -2.056952057   -1.318891967
   19.440490085   -1.762630748   -1.286587037
   19.567552111   -1.452929071   -1.243426448
   19.694614138   -1.154564715   -1.188756671
   19.821676165   -0.886315095   -1.122621383
   19.948738191   -0.659555156   -1.046122770
   20.075800218   -0.475634357   -0.961811334
   20.202862245   -0.330148140   -0.873742370
   20.329924271   -0.217601040   -0.787210547
   20.456986298   -0.133111769   -0.708291280
   20.584048325   -0.073240376   -0.643293903
   20.711110352   -0.035764455   -0.598005946
   20.838172378   -0.019409264   -0.576790474
   20.965234405   -0.023621184   -0.581888896
   21.092296432   -0.048483592   -0.612895618
   21.219358458   -0.094754767   -0.666879152
   21.346420485   -0.163937052   -0.738985469
   21.473482512   -0.258590408   -0.823181536
   21.600544538   -0.382554275   -0.913162196
   21.727606565   -0.541052137   -1.003029868
   21.854668592   -0.739488355   -1.087811879
   21.981730619   -0.981329670   -1.163855919
   22.108792645   -1.262469083   -1.229026347
   22.235854672   -1.568996190   -1.282552638
   22.362916699   -1.879894450   -1.324638023
   22.489978725   -2.166083682   -1.356120304
   22.617040752   -2.396186010   -1.378018030
   22.744102779   -2.544760368   -1.391172157
   22.871164805   -2.596064703   -1.396129578
   22.998226832   -2.545189533   -1.393104742
   23.125288859   -2.397104594   -1.381985255
   23.252350885   -2.167587290   -1.362327036
   23.379412912   -1.882124710   -1.333395584
   23.506474939   -1.572160217   -1.294283426
   23.633536966   -1.266869143   -1.244276106
   23.760598992   -0.987373118   -1.183310796
   23.887661019   -0.747713636   -1.112331923
   24.014723046   -0.552131292   -1.033694435
   24.141785072   -0.397299685   -0.951321165
   24.268847099   -0.277957738   -0.870460389
   24.395909126   -0.189019182   -0.797209923
   24.522971152   -0.126806091   -0.737796241
   24.650033179   -0.088913082   -0.697753039
   24.777095206   -0.074064957   -0.681092834
   24.904157233   -0.081750043   -0.689519654
   25.031219259   -0.112300733   -0.721981022
   25.158281286   -0.166794049   -0.774958514
   25.285343313   -0.247380384   -0.843237589
   25.412405339   -0.357421446   -0.920658910
   25.539467366   -0.501600799   -1.000970104
   25.666529393   -0.684962527   -1.078656707
   25.793591419   -0.911303971   -1.149482767
   25.920653446   -1.178674861   -1.210768156
   26.047715473   -1.476110940   -1.261299764
   26.174777500   -1.784402589   -1.300926685
   26.301839526   -2.075941570   -1.330234986
   26.428901553   -2.318771667   -1.350090721
   26.555963580   -2.485351457   -1.361185776
   26.683025606   -2.557791843   -1.363875222
   26.810087633   -2.528404021   -1.358121105
   26.937149660   -2.399288758   -1.343503361
   27.064211686   -2.184091550   -1.319217252
   27.191273713   -1.906957125   -1.284108254
   27.318335740   -1.598583122   -1.236753044
   27.445397766   -1.289033082   -1.175737001
   27.572459793   -1.000332265   -1.100058712
   27.699521820   -0.748155877   -1.009504087
   27.826583847   -0.538431950   -0.905018026
   27.953645873   -0.367486985   -0.788902579
   28.080707900   -0.228651329   -0.664629160
   28.207769927   -0.115035680   -0.536424072
   28.334831953   -0.021213340   -0.408828395
   28.461893980    0.056979713   -0.286274910
   28.588956007    0.122544419   -0.172589421
   28.716018033    0.177865857   -0.070535035
   28.843080060    0.224694135    0.018469344
   28.970142087    0.264489713    0.094321860
   29.097204114    0.298353788    0.157884703
   29.224266140    0.327237834    0.210709203
   29.351328167    0.351883618    0.254608629
   29.478390194    0.372937174    0.291242345
   29.605452220    0.390925181    0.321982443
   29.732514247    0.406296555    0.347905914
   29.859576274    0.419441388    0.369855610
   29.986638300    0.430674691    0.388496668
   30.113700327    0.440293754    0.404365042
   30.240762354    0.448517608    0.417895391
   30.367824381    0.455574780    0.429447328
   30.494886407    0.461613118    0.439318585
   30.621948434    0.466807629    0.447759997
   30.749010461    0.471254849    0.454981984
   30.876072487    0.475088486    0.461163726
   31.003134514    0.478370920    0.466456723
   31.130196541    0.481204152    0.470990652
   31.257258567    0.483629659    0.474875648
   31.384320594    0.485724053    0.478206018
   31.511382621    0.487517028    0.481062045
   31.638444647    0.489063877    0.483512226
   31.765506674    0.490388685    0.485615018
   31.892568701    0.491528627    0.487420024
   32.019630728    0.492506268    0.488969835
   32.146692754    0.493343528    0.490300396
   32.273754781    0.494063693    0.491442902
   32.400816808    0.494676104    0.492423518
   32.527878834    0.495205533    0.493265266
   32.654940861    0.495651471    0.493987285
   32.782002888    0.496039899    0.494606660
   32.909064914    0.496363322    0.495137440
   33.036126941    0.496647915    0.495592347
   33.163188968    0.496881812    0.495981734
   33.290250995    0.497089920    0.496315088
   33.417313021    0.497258771    0.496600074
   33.544375048    0.497410522    0.496843756
   33.671437075    0.497532490    0.497051835
   33.798499101    0.497642667    0.497229540
   33.925561128    0.497731124    0.497381137
   34.052623155    0.497810587    0.497510453
   34.179685181    0.497875274    0.497620706
   34.306747208    0.497931996    0.497714649
   34.433809235    0.497979897    0.497794733
   34.560871261    0.498019775    0.497862889
   34.687933288    0.498055835    0.497921006
   34.814995315    0.498083298    0.497970405
   34.942057342    0.498110945    0.498012560
   35.069119368    0.498129357    0.498048345
   35.196181395    0.498150899    0.498078919
   35.323243422    0.498162845    0.498104840
   35.450305448    0.498179791    0.498127023
   35.577367475    0.498187291    0.498145810
   35.704429502    0.498200603    0.498161916
   35.831491528    0.498205237    0.498175546
   35.958553555    0.498215512    0.498187244
   36.085615582    0.498218492    0.498197147
   36.212677609    0.498226108    0.498205648
   36.339739635    0.498228339    0.498212859
   36.466801662    0.498233573    0.498219037
   36.593863689    0.498235689    0.498224302
   36.720925715    0.498238844    0.498228792
   36.847987742    0.498241343    0.498232650
   36.975049769    0.498242692    0.498235913
   37.102111795    0.498245699    0.498238755
   37.229173822    0.498245484    0.498241126
   37.356235849    0.498248963    0.498243231
   37.483297876    0.498247544    0.498244957
   37.610359902    0.498251356    0.498246527
   37.737421929    0.498249137    0.498247788
   37.864483956    0.498253047    0.498248966
   37.991545982    0.498250446    0.498249895
   38.118608009    0.498254168    0.498250787
   38.245670036    0.498251594    0.498251478
   38.372732062    0.498254836    0.498252150
   38.499794089    0.498252653    0.498252669
   38.626856116    0.498255151    0.498253172
   38.753918142    0.498253650    0.498253567
   38.880980169    0.498255212    0.498253940
   39.008042196    0.498254588    0.498254251
   39.135104223    0.498255109    0.498254523
   39.262166249    0.498255448    0.498254775
   39.389228276    0.498254928    0.498254969
   39.516290303    0.498256200    0.498255180
   39.643352329    0.498254742    0.498255316
   39.770414356    0.498256814    0.498255498
   39.897476383    0.498254613    0.498255590
   40.024538409    0.498257263    0.498255748
   40.151600436    0.498254587    0.498255810
   40.278662463    0.498257530    0.498255948
   40.405724490    0.498254691    0.498255991
   40.532786516    0.498257615    0.498256110
   40.659848543    0.498254931    0.498256142
   40.786910570    0.498257529    0.498256241
   40.913972596    0.498255296    0.498256270
   41.041034623    0.498257300    0.498256350
   41.168096650    0.498255761    0.498256381
   41.295158676    0.498256968    0.498256441
   41.422220703    0.498256284    0.498256479
   41.549282730    0.498256581    0.498256519
   41.676344757    0.498256819    0.498256564
   41.803406783    0.498256191    0.498256586
   41.930468810    0.498257318    0.498256640
   42.057530837    0.498255849    0.498256646
   42.184592863    0.498257734    0.498256706
   42.311654890    0.498255596    0.498256701
   42.438716917    0.498258031    0.498256765
   42.565778943    0.498255468    0.498256751
   42.692840970    0.498258183    0.498256815
   42.819902997    0.498255481    0.498256798
   42.946965023    0.498258183    0.498256858
   43.074027050    0.498255638    0.498256842
   43.201089077    0.498258035    0.498256895
   43.328151104    0.498255925    0.498256884
   43.455213130    0.498257761    0.498256926
   43.582275157    0.498256315    0.498256923
   43.709337184    0.498257397    0.498256952
   43.836399210    0.498256768    0.498256960
   43.963461237    0.498256985    0.498276806
   44.090523264    0.498257237    0.498329708
   44.217585290    0.498256573    0.498415644
   44.344647317    0.498257676    0.498534661
   44.471709344    0.498256209    0.498686689
   44.598771371    0.498258038    0.498871819
   44.725833397    0.498255935    0.499089941
   44.852895424    0.498258288    0.499341181
   44.979957451    0.498255781    0.499625400
   45.107019477    0.498258401    0.499922916
   45.234081504    0.498255765    0.500220353
   45.361143531    0.498714487    0.500517866
   45.488205557    0.499472214    0.500815305
   45.615267584    0.500234715    0.501112812
