    0.000000000    0.424645130    0.424978846
    0.128805887    0.425254370    0.425217088
    0.257611774    0.425862820    0.425455339
    0.386417661    0.426472086    0.425693579
    0.515223547    0.427080516    0.425931828
    0.644029434    0.427689788    0.426170066
    0.772835321    0.427932908    0.426408313
    0.901641208    0.427933308    0.426646550
    1.030447095    0.427932911    0.426884794
    1.159252982    0.427933273    0.427107145
    1.288058868    0.427932920    0.427303031
    1.416864755    0.427933224    0.427472438
    1.545670642    0.427932934    0.427615377
    1.674476529    0.427933162    0.427731838
    1.803282416    0.427932951    0.427821830
    1.932088303    0.427933089    0.427885346
    2.060894190    0.427932968    0.427922389
    2.189700076    0.427933007    0.427932960
    2.318505963    0.427932983    0.427932938
    2.447311850    0.427932918    0.427932918
    2.576117737    0.427932993    0.427932891
    2.704923624    0.427932823    0.427932868
    2.833729511    0.427932994    0.427932836
    2.962535397    0.427932724    0.427932809
    3.091341284    0.427932982    0.427932771
    3.220147171    0.427932623    0.427932739
    3.348953058    0.427932954    0.427932693
    3.477758945    0.427932520    0.427932655
    3.606564832    0.427932905    0.427932601
    3.735370719    0.427932415    0.427932554
    3.864176605    0.427932833    0.427932490
    3.992982492    0.427932306    0.427932432
    4.121788379    0.427932731    0.427932355
    4.250594266    0.427932189    0.427932282
    4.379400153    0.427932596    0.427932190
    4.508206040    0.427932061    0.427932097
    4.637011926    0.427932420    0.427931985
    4.765817813    0.427931914    0.427931867
    4.894623700    0.427932198    0.427931727
    5.023429587    0.427931737    0.427931577
    5.152235474    0.427931919    0.427931403
    5.281041361    0.427931518    0.427931209
    5.409847248    0.427931571    0.427930988
    5.538653134    0.427931237    0.427930738
    5.667459021    0.427931139    0.427930455
    5.796264908    0.427930871    0.427930131
    5.925070795    0.427930599    0.427929766
    6.053876682    0.427930388    0.427929344
    6.182682569    0.427929920    0.427928869
    6.311488455    0.427929745    0.427928316
    6.440294342    0.427929063    0.427927694
    6.569100229    0.427928890    0.427926970
    6.697906116    0.427927969    0.427926150
    6.826712003    0.427927748    0.427925196
    6.955517890    0.427926561    0.427924114
    7.084323777    0.427926225    0.427922854
    7.213129663    0.427924735    0.427921419
    7.341935550    0.427924195    0.427919750
    7.470741437    0.427922350    0.427917844
    7.599547324    0.427921489    0.427915641
    7.728353211    0.427919214    0.427913120
    7.857159098    0.427917884    0.427910202
    7.985964984    0.427915071    0.427906851
    8.114770871    0.427913080    0.427902969
    8.243576758    0.427909573    0.427898495
    8.372382645    0.427906675    0.427893312
    8.501188532    0.427902254    0.427887323
    8.629994419    0.427898129    0.427880384
    8.758800306    0.427892486    0.427872352
    8.887606192    0.427886774    0.427863043
    9.016412079    0.427879704    0.427852255
    9.145217966    0.427871948    0.427839749
    9.274023853    0.427862637    0.427825243
    9.402829740    0.427851974    0.427808424
    9.531635627    0.427839605    0.427788905
    9.660441513    0.427825067    0.427766270
    9.789247400    0.427808536    0.427739995
    9.918053287    0.427788826    0.427709524
   10.046859174    0.427766626    0.427674154
   10.175665061    0.427740000    0.427633139
   10.304470948    0.427710093    0.427585539
   10.433276835    0.427674214    0.427530352
   10.562082721    0.427633852    0.427466326
   10.690888608    0.427585571    0.427392119
   10.819694495    0.427531051    0.427306090
   10.948500382    0.427466131    0.427206449
   11.077306269    0.427392482    0.427091038
   11.206112156    0.427305252    0.426957478
   11.334918042    0.427205851    0.426802946
   11.463723929    0.427088743    0.426624303
   11.592529816    0.426954768    0.426417869
   11.721335703    0.426797703    0.426179520
   11.850141590    0.426617460    0.425904481
   11.978947477    0.426407099    0.425587350
   12.107753364    0.426165194    0.425221908
   12.236559250    0.425883984    0.424801092
   12.365365137    0.425560221    0.424316810
   12.494171024    0.425185153    0.423759827
   12.622976911    0.424753179    0.423119592
   12.751782798    0.424254316    0.422384011
   12.880588685    0.423680015    0.421539281
   13.009394571    0.423018654    0.420569531
   13.138200458    0.422257981    0.419456644
   13.267006345    0.421384197    0.418179731
   13.395812232    0.420380192    0.416714915
   13.524618119    0.419228690    0.415034595
   13.653424006    0.417906793    0.413107153
   13.782229893    0.416392573    0.410896000
   13.911035779    0.414655527    0.408359178
   14.039841666    0.412667083    0.405448182
   14.168647553    0.410386887    0.402107433
   14.297453440    0.407777062    0.398272824
   14.426259327    0.404784485    0.393870946
   14.555065214    0.401358357    0.388817212
   14.683871100    0.397428722    0.383014581
   14.812676987    0.392926685    0.376350958
   14.941482874    0.387759740    0.368697038
   15.070288761    0.381834028    0.359902520
   15.199094648    0.375027448    0.349792292
   15.327900535    0.367213318    0.338160375
   15.456706422    0.358232249    0.324762698
   15.585512308    0.347915965    0.309306185
   15.714318195    0.336058292    0.291434292
   15.843124082    0.322436838    0.270706085
   15.971929969    0.306782763    0.246567326
   16.100735856    0.288797467    0.218310163
   16.229541743    0.268120859    0.185017580
   16.358347629    0.244340044    0.145493019
   16.487153516    0.216954774    0.098206473
   16.615959403    0.185371545    0.041364464
   16.744765290    0.148858496   -0.026755254
   16.873571177    0.106508951   -0.107231412
   17.002377064    0.057167282   -0.200013972
   17.131182951   -0.000666663   -0.303694428
   17.259988837   -0.068971701   -0.415577341
   17.388794724   -0.150406972   -0.531952870
   17.517600611   -0.248556394   -0.648472309
   17.646406498   -0.368300669   -0.760659670
   17.775212385   -0.516138227   -0.864451627
   17.904018272   -0.699830825   -0.956626305
   18.032824158   -0.925532173   -1.035113775
   18.161630045   -1.191726053   -1.099176587
   18.290435932   -1.483738323   -1.149303449
   18.419241819   -1.775766637   -1.186825376
   18.548047706   -2.036734517   -1.213339171
   18.676853593   -2.237248712   -1.230238724
   18.805659480   -2.354200334   -1.238534212
   18.934465366   -2.373164334   -1.238842684
   19.063271253   -2.291511818   -1.231421262
   19.192077140   -2.119094151   -1.216172147
   19.320883027   -1.875677562   -1.192619476
   19.449688914   -1.588257035   -1.159887137
   19.578494801   -1.288073134   -1.116795026
   19.707300688   -1.004059326   -1.062212219
   19.836106574   -0.756495361   -0.995647929
   19.964912461   -0.552650020   -0.917753649
   20.093718348   -0.389356374   -0.830574489
   20.222524235   -0.259767929   -0.737503824
   20.351330122   -0.157501820   -0.643047239
   20.480136009   -0.077863690   -0.552496447
   20.608941895   -0.017571019   -0.471483762
   20.737747782    0.025573189   -0.405507872
   20.866553669    0.053012980   -0.359486115
   20.995359556    0.065586371   -0.337199120
   21.124165443    0.063678507   -0.340583285
   21.252971330    0.047240353   -0.369297773
   21.381777217    0.015801796   -0.420798382
   21.510583103   -0.031613825   -0.490891959
   21.639388990   -0.096623421   -0.574428580
   21.768194877   -0.181698868   -0.665804057
   21.897000764   -0.290496128   -0.759416281
   22.025806651   -0.428220065   -0.850143096
   22.154612538   -0.601648685   -0.933757340
   22.283418424   -0.817177141   -1.007222615
   22.412224311   -1.075656153   -1.068898601
   22.541030198   -1.365908929   -1.118504356
   22.669836085   -1.664492551   -1.156795487
   22.798641972   -1.941009361   -1.185013046
   22.927447859   -2.164802293   -1.204341150
   23.056253746   -2.310698649   -1.215645389
   23.185059632   -2.361403903   -1.219426998
   23.313865519   -2.310582979   -1.215856007
   23.442671406   -2.164580427   -1.204785586
   23.571477293   -1.940698630   -1.185738533
   23.700283180   -1.664128136   -1.157874404
   23.829089067   -1.365534702   -1.120036888
   23.957894953   -1.075345994   -1.071015433
   24.086700840   -0.817017500   -1.010090453
   24.215506727   -0.601763505   -0.937584908
   24.344312614   -0.428744611   -0.855192213
   24.473118501   -0.291611318   -0.766014934
   24.601924388   -0.183600425   -0.674367594
   24.730730275   -0.099566069   -0.585485205
   24.859536161   -0.035876458   -0.505110832
   24.988342048    0.009862154   -0.438979092
   25.117147935    0.039226287   -0.392259855
   25.245953822    0.053085722   -0.368887546
   25.374759709    0.051837325   -0.370937378
   25.503565596    0.035365609   -0.398237414
   25.632371482    0.003134974   -0.448292370
   25.761177369   -0.045977380   -0.516859699
   25.889983256   -0.113724870   -0.598735901
   26.018789143   -0.202809836   -0.688330140
   26.147595030   -0.317108950   -0.780132012
   26.276400917   -0.461972406   -0.869148515
   26.405206804   -0.643550395   -0.951302740
   26.534012690   -0.866156191   -1.023756370
   26.662818577   -1.126565013   -1.084998586
   26.791624464   -1.412680846   -1.134720130
   26.920430351   -1.703246826   -1.173590148
   27.049236238   -1.968281479   -1.202706134
   27.178042125   -2.178812082   -1.223071265
   27.306848011   -2.311897243   -1.235368327
   27.435653898   -2.352278827   -1.239898405
   27.564459785   -2.295043469   -1.236589232
   27.693265672   -2.146945635   -1.225008488
   27.822071559   -1.925423640   -1.204350125
   27.950877446   -1.656571341   -1.173436174
   28.079683333   -1.369344689   -1.130823300
   28.208489219   -1.090509778   -1.075148984
   28.337295106   -0.842173084   -1.005531058
   28.466100993   -0.634302087   -0.921975311
   28.594906880   -0.465263022   -0.825762283
   28.723712767   -0.328809807   -0.719408258
   28.852518654   -0.217916669   -0.606407356
   28.981324540   -0.126698861   -0.490900210
   29.110130427   -0.050751830   -0.377226958
   29.238936314    0.013169943   -0.269421659
   29.367742201    0.067470481   -0.170749672
   29.496548088    0.113939899   -0.083332463
   29.625353975    0.153944248   -0.008024518
   29.754159862    0.188531472    0.055490626
   29.882965748    0.218535344    0.108496780
   30.011771635    0.244618179    0.152716641
   30.140577522    0.267330474    0.189806613
   30.269383409    0.287123500    0.221155680
   30.398189296    0.304385544    0.247850937
   30.526995183    0.319441317    0.270726704
   30.655801069    0.332576241    0.290428510
   30.784606956    0.344032081    0.307463065
   30.913412843    0.354024457    0.322234632
   31.042218730    0.362738046    0.335071347
   31.171024617    0.370338523    0.346243558
   31.299830504    0.376968462    0.355977314
   31.428636391    0.382754719    0.364463661
   31.557442277    0.387806342    0.371865790
   31.686248164    0.392218720    0.378323932
   31.815054051    0.396074247    0.383959402
   31.943859938    0.399443786    0.388877410
   32.072665825    0.402389715    0.393169565
   32.201471712    0.404964706    0.396915674
   32.330277598    0.407216511    0.400185429
   32.459083485    0.409184352    0.403039626
   32.587889372    0.410905091    0.405531333
   32.716695259    0.412407866    0.407706793
   32.845501146    0.413721332    0.409606282
   32.974307033    0.414867133    0.411264847
   33.103112920    0.415867746    0.412712980
   33.231918806    0.416739317    0.413977234
   33.360724693    0.417499731    0.415080738
   33.489530580    0.418160875    0.416043680
   33.618336467    0.418736754    0.416883673
   33.747142354    0.419236438    0.417616132
   33.875948241    0.419670977    0.418254517
   34.004754127    0.420047326    0.418810629
   34.133560014    0.420374097    0.419294781
   34.262365901    0.420656708    0.419716033
   34.391171788    0.420901705    0.420082306
   34.519977675    0.421113397    0.420400568
   34.648783562    0.421296582    0.420676912
   34.777589449    0.421454819    0.420916699
   34.906395335    0.421591454    0.421124610
   35.035201222    0.421709562    0.421304764
   35.164007109    0.421811272    0.421460766
   35.292812996    0.421899353    0.421595773
   35.421618883    0.421974932    0.421712548
   35.550424770    0.422040591    0.421813501
   35.679230656    0.422096660    0.421900740
   35.808036543    0.422145608    0.421976092
   35.936842430    0.422187153    0.422041160
   36.065648317    0.422223668    0.422097320
   36.194454204    0.422254421    0.422145793
   36.323260091    0.422281681    0.422187617
   36.452065978    0.422304424    0.422223710
   36.580871864    0.422324786    0.422254843
   36.709677751    0.422341596    0.422281708
   36.838483638    0.422356812    0.422304879
   36.967289525    0.422369238    0.422324876
   37.096095412    0.422380603    0.422342124
   37.224901299    0.422389795    0.422357014
   37.353707185    0.422398266    0.422369860
   37.482513072    0.422405087    0.422380956
   37.611318959    0.422411468    0.422390533
   37.740124846    0.422416775    0.422398810
   37.868930733    0.422421588    0.422405959
   37.997736620    0.422425622    0.422412143
   38.126542507    0.422429171    0.422417489
   38.255348393    0.422432277    0.422422118
   38.384154280    0.422434857    0.422426126
   38.512960167    0.422437292    0.422429600
   38.641766054    0.422439131    0.422432616
   38.770571941    0.422441080    0.422435233
   38.899377828    0.422442352    0.422437512
   39.028183714    0.422443946    0.422439492
   39.156989601    0.422444786    0.422441221
   39.285795488    0.422446116    0.422442717
   39.414601375    0.422446635    0.422444024
   39.543407262    0.422447763    0.422445153
   39.672213149    0.422448047    0.422446144
   39.801019036    0.422449013    0.422447000
   39.929824922    0.422449135    0.422447753
   40.058630809    0.422449963    0.422448404
   40.187436696    0.422449981    0.422448979
   40.316242583    0.422450683    0.422449476
   40.445048470    0.422450646    0.422449917
   40.573854357    0.422451229    0.422450298
   40.702660243    0.422451177    0.422450638
   40.831466130    0.422451642    0.422450932
   40.960272017    0.422451606    0.422451196
   41.089077904    0.422451954    0.422451424
   41.217883791    0.422451958    0.422451630
   41.346689678    0.422452190    0.422451809
   41.475495565    0.422452251    0.422451970
   41.604301451    0.422452369    0.422452113
   41.733107338    0.422452496    0.422452239
   41.861913225    0.422452506    0.422452354
   41.990719112    0.422452703    0.422452454
   42.119524999    0.422452612    0.422452547
   42.248330886    0.422452877    0.422452627
   42.377136772    0.422452697    0.422452704
   42.505942659    0.422453023    0.422452769
   42.634748546    0.422452769    0.422452833
   42.763554433    0.422453144    0.422452885
   42.892360320    0.422452834    0.422452939
   43.021166207    0.422453241    0.422452981
   43.149972094    0.422452895    0.422453027
   43.278777980    0.422453317    0.422453062
   43.407583867    0.422452955    0.422453101
   43.536389754    0.422453374    0.422453130
   43.665195641    0.422453017    0.422453164
   43.794001528    0.422453411    0.422453187
   43.922807415    0.422453081    0.422453217
   44.051613301    0.422453433    0.422453237
   44.180419188    0.422453148    0.422453261
   44.309225075    0.422453440    0.422453279
   44.438030962    0.422453217    0.422453299
   44.566836849    0.422453434    0.422469197
   44.695642736    0.422453287    0.422511569
   44.824448623    0.422453419    0.422580409
   44.953254509    0.422453356    0.422675721
   45.082060396    0.422453396    0.422797504
   45.210866283    0.422453423    0.422945756
   45.339672170    0.422453368    0.423120481
   45.468478057    0.422453485    0.423321674
   45.597283944    0.422453338    0.423549341
   45.726089830    0.422453540    0.423787592
   45.854895717    0.422453308    0.424025847
   45.983701604    0.422818898    0.424264095
   46.112507491    0.423427446    0.424502348
   46.241313378    0.424036641    0.424740593
