    0.000000000    0.468190525    0.468398170
    0.128590127    0.468569509    0.468546913
    0.257180255    0.468950710    0.468695650
    0.385770382    0.469329794    0.468844391
    0.514360510    0.469710855    0.468993128
    0.642950637    0.470090111    0.469141867
    0.771540764    0.470242898    0.469290602
    0.900130892    0.470242273    0.469439339
    1.028721019    0.470242755    0.469588074
    1.157311146    0.470242407    0.469726893
    1.285901274    0.470242593    0.469849184
    1.414491401    0.470242547    0.469954947
    1.543081529    0.470242425    0.470044184
    1.671671656    0.470242683    0.470116891
    1.800261783    0.470242258    0.470173074
    1.928851911    0.470242805    0.470212726
    2.057442038    0.470242105    0.470235854
    2.186032165    0.470242903    0.470242450
    2.314622293    0.470241974    0.470242440
    2.443212420    0.470242968    0.470242424
    2.571802548    0.470241873    0.470242412
    2.700392675    0.470242994    0.470242394
    2.828982802    0.470241806    0.470242381
    2.957572930    0.470242977    0.470242361
    3.086163057    0.470241778    0.470242345
    3.214753185    0.470242914    0.470242324
    3.343343312    0.470241786    0.470242306
    3.471933439    0.470242808    0.470242283
    3.600523567    0.470241830    0.470242262
    3.729113694    0.470242662    0.470242238
    3.857703821    0.470241902    0.470242213
    3.986293949    0.470242482    0.470242188
    4.114884076    0.470241994    0.470242159
    4.243474204    0.470242278    0.470242132
    4.372064331    0.470242098    0.470242100
    4.500654458    0.470242058    0.470242070
    4.629244586    0.470242200    0.470242033
    4.757834713    0.470241833    0.470241999
    4.886424840    0.470242289    0.470241958
    5.015014968    0.470241613    0.470241920
    5.143605095    0.470242353    0.470241872
    5.272195223    0.470241408    0.470241828
    5.400785350    0.470242380    0.470241773
    5.529375477    0.470241224    0.470241720
    5.657965605    0.470242361    0.470241656
    5.786555732    0.470241066    0.470241593
    5.915145859    0.470242284    0.470241517
    6.043735987    0.470240935    0.470241439
    6.172326114    0.470242144    0.470241347
    6.300916242    0.470240826    0.470241248
    6.429506369    0.470241933    0.470241135
    6.558096496    0.470240733    0.470241009
    6.686686624    0.470241646    0.470240866
    6.815276751    0.470240639    0.470240703
    6.943866879    0.470241277    0.470240519
    7.072457006    0.470240522    0.470240304
    7.201047133    0.470240816    0.470240062
    7.329637261    0.470240354    0.470239777
    7.458227388    0.470240252    0.470239454
    7.586817515    0.470240095    0.470239071
    7.715407643    0.470239561    0.470238641
    7.843997770    0.470239690    0.470238137
    7.972587898    0.470238709    0.470237565
    8.101178025    0.470239073    0.470236888
    8.229768152    0.470237643    0.470236109
    8.358358280    0.470238153    0.470235184
    8.486948407    0.470236278    0.470234105
    8.615538534    0.470236806    0.470232824
    8.744128662    0.470234492    0.470231316
    8.872718789    0.470234868    0.470229524
    9.001308917    0.470232111    0.470227403
    9.129899044    0.470232265    0.470224881
    9.258489171    0.470229237    0.470221884
    9.387079299    0.470228771    0.470218320
    9.515669426    0.470225173    0.470214077
    9.644259554    0.470223715    0.470209027
    9.772849681    0.470219361    0.470203007
    9.901439808    0.470216475    0.470195842
   10.030029936    0.470211042    0.470187295
   10.158620063    0.470206154    0.470177123
   10.287210190    0.470199125    0.470164986
   10.415800318    0.470191478    0.470150540
   10.544390445    0.470182073    0.470133310
   10.672980573    0.470170650    0.470112793
   10.801570700    0.470157713    0.470088329
   10.930160827    0.470141103    0.470059210
   11.058750955    0.470122941    0.470024522
   11.187341082    0.470099172    0.469983259
   11.315931209    0.470073371    0.469934155
   11.444521337    0.470039691    0.469875788
   11.573111464    0.470002837    0.469806412
   11.701701592    0.469955354    0.469724032
   11.830291719    0.469902609    0.469626246
   11.958881846    0.469835807    0.469510272
   12.087471974    0.469760395    0.469372806
   12.216062101    0.469666546    0.469209975
   12.344652229    0.469559055    0.469017233
   12.473242356    0.469427335    0.468789224
   12.601832483    0.469274677    0.468519703
   12.730422611    0.469089953    0.468201274
   12.859012738    0.468874039    0.467825333
   12.987602865    0.468615390    0.467381666
   13.116192993    0.468311428    0.466858387
   13.244783120    0.467950029    0.466241375
   13.373373248    0.467524083    0.465514156
   13.501963375    0.467020362    0.464657128
   13.630553502    0.466425526    0.463647310
   13.759143630    0.465724649    0.462457292
   13.887733757    0.464896901    0.461054752
   14.016323884    0.463923950    0.459401050
   14.144914012    0.462775318    0.457450314
   14.273504139    0.461426729    0.455147511
   14.402094267    0.459835350    0.452426849
   14.530684394    0.457967417    0.449209139
   14.659274521    0.455764068    0.445399248
   14.787864649    0.453176580    0.440882546
   14.916454776    0.450124170    0.435520881
   15.045044904    0.446534574    0.429147438
   15.173635031    0.442296130    0.421560012
   15.302225158    0.437300647    0.412512793
   15.430815286    0.431392177    0.401705500
   15.559405413    0.424407752    0.388776458
   15.687995540    0.416125497    0.373297128
   15.816585668    0.406298804    0.354773873
   15.945175795    0.394608062    0.332649415
   16.073765923    0.380683926    0.306280949
   16.202356050    0.364065894    0.274903946
   16.330946177    0.344205773    0.237598481
   16.459536305    0.320431174    0.193280431
   16.588126432    0.291914732    0.140800411
   16.716716559    0.257638622    0.079135494
   16.845306687    0.216329146    0.007671219
   16.973896814    0.166555987   -0.073484408
   17.102486942    0.106750730   -0.163311283
   17.231077069    0.035391857   -0.259885235
   17.359667196   -0.049027165   -0.360552854
   17.488257324   -0.148507308   -0.462177396
   17.616847451   -0.265907011   -0.561450785
   17.745437578   -0.404849096   -0.655236730
   17.874027706   -0.569190993   -0.740875542
   18.002617833   -0.760505885   -0.816417821
   18.131207961   -0.975996959   -0.880776988
   18.259798088   -1.206377678   -0.933712721
   18.388388215   -1.435187238   -0.975622875
   18.516978343   -1.641610387   -1.007231494
   18.645568470   -1.805075389   -1.029319419
   18.774158598   -1.909056438   -1.042550671
   18.902748725   -1.942756400   -1.047389589
   19.031338852   -1.902604015   -1.044097936
   19.159928980   -1.793010838   -1.032733437
   19.288519107   -1.625486913   -1.013155276
   19.417109234   -1.417041254   -0.985036371
   19.545699362   -1.188346102   -0.947964556
   19.674289489   -0.959883242   -0.901638224
   19.802879617   -0.747604384   -0.846157008
   19.931469744   -0.560442249   -0.782342406
   20.060059871   -0.401271540   -0.711932482
   20.188649999   -0.268926956   -0.637573827
   20.317240126   -0.160322268   -0.562669607
   20.445830253   -0.072799298   -0.491169843
   20.574420381   -0.004523528   -0.427293612
   20.703010508    0.045448600   -0.375198803
   20.831600636    0.077543819   -0.338585501
   20.960190763    0.092145860   -0.320278981
   21.088780890    0.089508688   -0.321804247
   21.217371018    0.069690291   -0.343094866
   21.345961145    0.032548604   -0.382507951
   21.474551273   -0.022182143   -0.437139912
   21.603141400   -0.094826307   -0.503258570
   21.731731527   -0.186259393   -0.576715252
   21.860321655   -0.298261814   -0.653328169
   21.988911782   -0.433450707   -0.729199397
   22.117501909   -0.594830242   -0.800978920
   22.246092037   -0.783380964   -0.866062369
   22.374682164   -0.995991293   -0.922737745
   22.503272292   -1.223427204   -0.970194809
   22.631862419   -1.449567490   -1.008338564
   22.760452546   -1.654105348   -1.037482004
   22.889042674   -1.816977353   -1.058071934
   23.017632801   -1.922000658   -1.070505693
   23.146222928   -1.958430642   -1.075040802
   23.274813056   -1.922419370   -1.071787698
   23.403403183   -1.817837530   -1.060707198
   23.531993311   -1.655452570   -1.041613974
   23.660583438   -1.451470713   -1.014184920
   23.789173565   -1.225989831   -0.978051466
   23.917763693   -0.999366628   -0.932986234
   24.046353820   -0.787797675   -0.879186883
   24.174943948   -0.600608822   -0.817595585
   24.303534075   -0.441019789   -0.750105432
   24.432124202   -0.308158587   -0.679572558
   24.560714330   -0.199133813   -0.609675749
   24.689304457   -0.111438005   -0.544705058
   24.817894584   -0.043410324   -0.489172234
   24.946484712    0.005693449   -0.447283684
   25.075074839    0.036037990   -0.422391754
   25.203664967    0.047688482   -0.416483924
   25.332255094    0.040509046   -0.429825400
   25.460845221    0.013957877   -0.460913462
   25.589435349   -0.032967650   -0.506790435
   25.718025476   -0.101831830   -0.563556000
   25.846615603   -0.194721233   -0.626920171
   25.975205731   -0.314374060   -0.692722456
   26.103795858   -0.464104747   -0.757328258
   26.232385986   -0.645164420   -0.817858227
   26.360976113   -0.854400873   -0.872328118
   26.489566240   -1.082938185   -0.919636380
   26.618156368   -1.315590627   -0.959371843
   26.746746495   -1.532843773   -0.991541622
   26.875336622   -1.714392065   -1.016318178
   27.003926750   -1.842968042   -1.033825388
   27.132516877   -1.906216825   -1.043995918
   27.261107005   -1.898395724   -1.046553511
   27.389697132   -1.821611141   -1.041034161
   27.518287259   -1.685067255   -1.026784814
   27.646877387   -1.503627280   -1.002953780
   27.775467514   -1.296217836   -0.968593698
   27.904057642   -1.082396572   -0.922866608
   28.032647769   -0.877877660   -0.865292199
   28.161237896   -0.692216435   -0.796007200
   28.289828024   -0.529351743   -0.715950391
   28.418418151   -0.388707936   -0.626897707
   28.547008278   -0.266889842   -0.531336095
   28.675598406   -0.160656478   -0.432257741
   28.804188533   -0.067776187   -0.332877954
   28.932778661    0.013360925   -0.236299301
   29.061368788    0.084009032   -0.145206064
   29.189958915    0.145117471   -0.061622180
   29.318549043    0.197322192    0.013263770
   29.447139170    0.241273231    0.079122914
   29.575729297    0.277964349    0.136318229
   29.704319425    0.308462831    0.185634348
   29.832909552    0.333819653    0.228033195
   29.961499680    0.354949041    0.264455811
   30.090089807    0.372585326    0.295699911
   30.218679934    0.387339379    0.322425110
   30.347270062    0.399697867    0.345197075
   30.475860189    0.410077197    0.364513424
   30.604450317    0.418802047    0.380819457
   30.733040444    0.426159021    0.394520590
   30.861630571    0.432363742    0.405996152
   30.990220699    0.437614581    0.415598253
   31.118810826    0.442054295    0.423636870
   31.247400953    0.445821753    0.430376400
   31.375991081    0.449012229    0.436036244
   31.504581208    0.451724464    0.440796745
   31.633171336    0.454023093    0.444806726
   31.761761463    0.455978995    0.448189070
   31.890351590    0.457636957    0.451045673
   32.018941718    0.459047794    0.453460888
   32.147531845    0.460243528    0.455504969
   32.276121972    0.461260128    0.457236231
   32.404712100    0.462121559    0.458703512
   32.533302227    0.462852534    0.459947512
   32.661892355    0.463472023    0.461002551
   32.790482482    0.463996054    0.461897351
   32.919072609    0.464440566    0.462656288
   33.047662737    0.464814896    0.463299831
   33.176252864    0.465133296    0.463845430
   33.304842992    0.465399719    0.464307780
   33.433433119    0.465627157    0.464699444
   33.562023246    0.465815907    0.465031028
   33.690613374    0.465978038    0.465311609
   33.819203501    0.466111204    0.465548872
   33.947793628    0.466226580    0.465749381
   34.076383756    0.466320183    0.465918716
   34.204973883    0.466402166    0.466061623
   34.333564011    0.466467780    0.466182155
   34.462154138    0.466525940    0.466283735
   34.590744265    0.466571879    0.466369306
   34.719334393    0.466613037    0.466441318
   34.847924520    0.466645235    0.466501910
   34.976514647    0.466674230    0.466552835
   35.105104775    0.466696898    0.466595646
   35.233694902    0.466717161    0.466631585
   35.362285030    0.466733272    0.466661776
   35.490875157    0.466747245    0.466687097
   35.619465284    0.466758877    0.466708357
   35.748055412    0.466768305    0.466726183
   35.876645539    0.466776896    0.466741152
   36.005235667    0.466783036    0.466753700
   36.133825794    0.466789563    0.466764237
   36.262415921    0.466793335    0.466773070
   36.391006049    0.466798448    0.466780487
   36.519596176    0.466800538    0.466786708
   36.648186303    0.466804656    0.466791933
   36.776776431    0.466805582    0.466796321
   36.905366558    0.466808963    0.466800007
   37.033956686    0.466809158    0.466803109
   37.162546813    0.466812170    0.466805715
   37.291136940    0.466812071    0.466807917
   37.419727068    0.466814554    0.466809767
   37.548317195    0.466814222    0.466811338
   37.676907322    0.466816189    0.466812659
   37.805497450    0.466815832    0.466813789
   37.934087577    0.466817315    0.466814742
   38.062677705    0.466817073    0.466815564
   38.191267832    0.466818079    0.466816261
   38.319857959    0.466818049    0.466816869
   38.448448087    0.466818592    0.466817388
   38.577038214    0.466818828    0.466817847
   38.705628341    0.466818932    0.466818234
   38.834218469    0.466819455    0.466818572
   38.962808596    0.466819161    0.466818859
   39.091398724    0.466819961    0.466819111
   39.219988851    0.466819324    0.466819328
   39.348578978    0.466820362    0.466819520
   39.477169106    0.466819455    0.466819687
   39.605759233    0.466820673    0.466819833
   39.734349361    0.466819578    0.466819965
   39.862939488    0.466820901    0.466820079
   39.991529615    0.466819710    0.466820185
   40.120119743    0.466821055    0.466820276
   40.248709870    0.466819862    0.466820362
   40.377299997    0.466821143    0.466820436
   40.505890125    0.466820036    0.466820509
   40.634480252    0.466821173    0.466820569
   40.763070380    0.466820234    0.466820631
   40.891660507    0.466821155    0.466820683
   41.020250634    0.466820452    0.466820736
   41.148840762    0.466821101    0.466820781
   41.277430889    0.466820681    0.466820828
   41.406021016    0.466821021    0.466820867
   41.534611144    0.466820915    0.466820908
   41.663201271    0.466820929    0.466820944
   41.791791399    0.466821142    0.466820980
   41.920381526    0.466820837    0.466821013
   42.048971653    0.466821353    0.466821045
   42.177561781    0.466820755    0.466821075
   42.306151908    0.466821537    0.466821104
   42.434742036    0.466820694    0.466821132
   42.563332163    0.466821688    0.466821158
   42.691922290    0.466820663    0.466821184
   42.820512418    0.466821799    0.466821207
   42.949102545    0.466820666    0.466821232
   43.077692672    0.466821865    0.466821252
   43.206282800    0.466820706    0.466821275
   43.334872927    0.466821887    0.466821293
   43.463463055    0.466820783    0.466821315
   43.592053182    0.466821866    0.466821331
   43.720643309    0.466820895    0.466821351
   43.849233437    0.466821806    0.466821365
   43.977823564    0.466821036    0.466821383
   44.106413691    0.466821714    0.466821396
   44.235003819    0.466821198    0.466821412
   44.363593946    0.466821599    0.466821423
   44.492184074    0.466821372    0.466831353
   44.620774201    0.466821470    0.466857806
   44.749364328    0.466821548    0.466900787
   44.877954456    0.466821339    0.466960293
   45.006544583    0.466821716    0.467036325
   45.135134711    0.466821215    0.467128883
   45.263724838    0.466821865    0.467237966
   45.392314965    0.466821108    0.467363576
   45.520905093    0.466821986    0.467505710
   45.649495220    0.466821027    0.467654457
   45.778085347    0.466822071    0.467803200
   45.906675475    0.467049046    0.467951946
   46.035265602    0.467430297    0.468100686
   46.163855730    0.467809259    0.468249431
