    0.000000000    0.393462076    0.392391710
    0.129003536    0.391508329    0.391627113
    0.258007073    0.389554148    0.390862521
    0.387010609    0.387600401    0.390097921
    0.516014146    0.385646217    0.389333324
    0.645017682    0.383692459    0.388568720
    0.774021219    0.382910660    0.387804119
    0.903024755    0.382910844    0.387039512
    1.032028292    0.382910648    0.386274907
    1.161031828    0.382910802    0.385561268
    1.290035364    0.382910633    0.384932586
    1.419038901    0.382910747    0.384388854
    1.548042437    0.382910612    0.383930077
    1.677045974    0.382910681    0.383556251
    1.806049510    0.382910587    0.383267379
    1.935053047    0.382910605    0.383063459
    2.064056583    0.382910554    0.382944491
    2.193060119    0.382910519    0.382910477
    2.322063656    0.382910513    0.382910441
    2.451067192    0.382910425    0.382910404
    2.580070729    0.382910461    0.382910362
    2.709074265    0.382910322    0.382910320
    2.838077802    0.382910398    0.382910273
    2.967081338    0.382910212    0.382910226
    3.096084875    0.382910322    0.382910172
    3.225088411    0.382910095    0.382910119
    3.354091947    0.382910230    0.382910058
    3.483095484    0.382909970    0.382909998
    3.612099020    0.382910121    0.382909929
    3.741102557    0.382909836    0.382909861
    3.870106093    0.382909992    0.382909782
    3.999109630    0.382909693    0.382909705
    4.128113166    0.382909842    0.382909616
    4.257116702    0.382909538    0.382909526
    4.386120239    0.382909667    0.382909425
    4.515123775    0.382909367    0.382909321
    4.644127312    0.382909465    0.382909204
    4.773130848    0.382909177    0.382909082
    4.902134385    0.382909230    0.382908946
    5.031137921    0.382908961    0.382908802
    5.160141458    0.382908957    0.382908642
    5.289144994    0.382908711    0.382908470
    5.418148530    0.382908639    0.382908279
    5.547152067    0.382908416    0.382908070
    5.676155603    0.382908267    0.382907840
    5.805159140    0.382908063    0.382907584
    5.934162676    0.382907825    0.382907302
    6.063166213    0.382907633    0.382906986
    6.192169749    0.382907296    0.382906635
    6.321173285    0.382907102    0.382906240
    6.450176822    0.382906656    0.382905800
    6.579180358    0.382906440    0.382905301
    6.708183895    0.382905870    0.382904743
    6.837187431    0.382905603    0.382904106
    6.966190968    0.382904892    0.382903391
    7.095194504    0.382904538    0.382902573
    7.224198041    0.382903661    0.382901649
    7.353201577    0.382903172    0.382900589
    7.482205113    0.382902096    0.382899389
    7.611208650    0.382901408    0.382898013
    7.740212186    0.382900083    0.382896445
    7.869215723    0.382899115    0.382894642
    7.998219259    0.382897473    0.382892580
    8.127222796    0.382896122    0.382890205
    8.256226332    0.382894067    0.382887479
    8.385229868    0.382892194    0.382884336
    8.514233405    0.382889592    0.382880718
    8.643236941    0.382887018    0.382876541
    8.772240478    0.382883687    0.382871723
    8.901244014    0.382880235    0.382866154
    9.030247551    0.382875968    0.382859718
    9.159251087    0.382871241    0.382852271
    9.288254624    0.382865635    0.382843652
    9.417258160    0.382859233    0.382833670
    9.546261696    0.382851814    0.382822102
    9.675265233    0.382843179    0.382808692
    9.804268769    0.382833304    0.382793133
    9.933272306    0.382821685    0.382775082
   10.062275842    0.382808471    0.382754118
   10.191279379    0.382792840    0.382729774
   10.320282915    0.382775084    0.382701481
   10.449286452    0.382754056    0.382668597
   10.578289988    0.382730136    0.382630346
   10.707293524    0.382701836    0.382585860
   10.836297061    0.382669541    0.382534086
   10.965300597    0.382631399    0.382473838
   11.094304134    0.382587701    0.382403691
   11.223307670    0.382536213    0.382322030
   11.352311207    0.382477007    0.382226929
   11.481314743    0.382407420    0.382116193
   11.610318279    0.382327124    0.381987229
   11.739321816    0.382232932    0.381837075
   11.868325352    0.382123901    0.381662256
   11.997328889    0.381996209    0.381458779
   12.126332425    0.381848059    0.381221994
   12.255335962    0.381674827    0.380946554
   12.384339498    0.381473525    0.380626263
   12.513343035    0.381238445    0.380253993
   12.642346571    0.380964974    0.379821505
   12.771350107    0.380645976    0.379319307
   12.900353644    0.380274753    0.378736427
   13.029357180    0.379842315    0.378060188
   13.158360717    0.379339301    0.377275932
   13.287364253    0.378754230    0.376366688
   13.416367790    0.378074090    0.375312816
   13.545371326    0.377284076    0.374091500
   13.674374862    0.376366731    0.372676257
   13.803378399    0.375302837    0.371036202
   13.932381935    0.374069183    0.369135362
   14.061385472    0.372640493    0.366931663
   14.190389008    0.370985661    0.364375974
   14.319392545    0.369070770    0.361410695
   14.448396081    0.366853902    0.357968396
   14.577399618    0.364289239    0.353969860
   14.706403154    0.361320331    0.349322172
   14.835406690    0.357884837    0.343916028
   14.964410227    0.353905949    0.337622960
   15.093413763    0.349297468    0.330291277
   15.222417300    0.343953560    0.321741711
   15.351420836    0.337754211    0.311764020
   15.480424373    0.330553368    0.300117994
   15.609427909    0.322184121    0.286536270
   15.738431445    0.312444553    0.270730558
   15.867434982    0.301101887    0.252402154
   15.996438518    0.287875990    0.231246149
   16.125442055    0.272442467    0.206921844
   16.254445591    0.254412915    0.179025931
   16.383449128    0.233333536    0.147118037
   16.512452664    0.208655365    0.110782584
   16.641456201    0.179726705    0.069710548
   16.770459737    0.145815951    0.023777535
   16.899463273    0.106210584   -0.026876743
   17.028466810    0.060260845   -0.081780892
   17.157470346    0.007454288   -0.140099420
   17.286473883   -0.052482532   -0.200668234
   17.415477419   -0.119734208   -0.262100817
   17.544480956   -0.195169773   -0.322906776
   17.673484492   -0.280285676   -0.381586753
   17.802488028   -0.375996725   -0.436725991
   17.931491565   -0.481809475   -0.487106070
   18.060495101   -0.595359351   -0.531800222
   18.189498638   -0.712505741   -0.570205147
   18.318502174   -0.827294181   -0.602013386
   18.447505711   -0.932242055   -0.627155141
   18.576509247   -1.019142020   -0.645729104
   18.705512784   -1.080638174   -0.657936009
   18.834516320   -1.111847531   -0.664011342
   18.963519856   -1.110661055   -0.664170563
   19.092523393   -1.077197014   -0.658556447
   19.221526929   -1.013789565   -0.647240813
   19.350530466   -0.925408269   -0.630279623
   19.479534002   -0.819310126   -0.607771485
   19.608537539   -0.703586589   -0.579930208
   19.737541075   -0.585773535   -0.547154858
   19.866544611   -0.472049790   -0.510100933
   19.995548148   -0.366940305   -0.469739529
   20.124551684   -0.273304529   -0.427381276
   20.253555221   -0.192215178   -0.384631050
   20.382558757   -0.123396298   -0.343293005
   20.511562294   -0.066045110   -0.305289304
   20.640565830   -0.020026075   -0.272567075
   20.769569367    0.014110626   -0.246958458
   20.898572903    0.035877709   -0.229994710
   21.027576439    0.044990010   -0.222729443
   21.156579976    0.041327330   -0.225629981
   21.285583512    0.024946087   -0.238530003
   21.414587049   -0.003929759   -0.260641013
   21.543590585   -0.044902205   -0.290632531
   21.672594122   -0.097382975   -0.326789509
   21.801597658   -0.161072510   -0.367193917
   21.930601195   -0.236575915   -0.409884744
   22.059604731   -0.324585763   -0.452990282
   22.188608267   -0.424791373   -0.494800408
   22.317611804   -0.535242049   -0.533841086
   22.446615340   -0.652208998   -0.568964666
   22.575618877   -0.770298948   -0.599370884
   22.704622413   -0.882474050   -0.624568719
   22.833625950   -0.980603013   -0.644312730
   22.962629486   -1.056745223   -0.658536897
   23.091633022   -1.104915017   -0.667283381
   23.220636559   -1.121516581   -0.670637844
   23.349640095   -1.105285305   -0.668672074
   23.478643632   -1.057472498   -0.661407677
   23.607647168   -0.981658970   -0.648851685
   23.736650705   -0.883824959   -0.631053344
   23.865654241   -0.771964638   -0.608169218
   23.994657778   -0.654353010   -0.580539350
   24.123661314   -0.538222865   -0.548767779
   24.252664850   -0.429166168   -0.513806872
   24.381668387   -0.331085590   -0.477003433
   24.510671923   -0.246071341   -0.440059530
   24.639675460   -0.174535622   -0.404891277
   24.768678996   -0.115859802   -0.373454218
   24.897682533   -0.069494799   -0.347562493
   25.026686069   -0.035797937   -0.328691298
   25.155689605   -0.015429531   -0.317825805
   25.284693142   -0.008907153   -0.315359643
   25.413696678   -0.016722028   -0.321058183
   25.542700215   -0.039552828   -0.334128290
   25.671703751   -0.078373174   -0.353344461
   25.800707288   -0.134123928   -0.377208708
   25.929710824   -0.207035451   -0.404119672
   26.058714361   -0.296045199   -0.432560640
   26.187717897   -0.398464228   -0.461265494
   26.316721433   -0.509775623   -0.489279036
   26.445724970   -0.623435010   -0.515905126
   26.574728506   -0.731752623   -0.540597137
   26.703732043   -0.827103252   -0.562881145
   26.832735579   -0.903031057   -0.582307612
   26.961739116   -0.954965464   -0.598402192
   27.090742652   -0.980194803   -0.610629682
   27.219746188   -0.978043833   -0.618383665
   27.348749725   -0.950037759   -0.621014474
   27.477753261   -0.900213618   -0.617882109
   27.606756798   -0.834747251   -0.608418808
   27.735760334   -0.760171289   -0.592192671
   27.864763871   -0.681894859   -0.568971874
   27.993767407   -0.603714199   -0.538800333
   28.122770944   -0.527961710   -0.502045362
   28.251774480   -0.455715899   -0.459416913
   28.380778016   -0.386897363   -0.411934310
   28.509781553   -0.320785101   -0.360831087
   28.638785089   -0.256714778   -0.307456357
   28.767788626   -0.194632539   -0.253175189
   28.896792162   -0.134991058   -0.199266578
   29.025795699   -0.078389259   -0.146810974
   29.154799235   -0.025263093   -0.096598716
   29.283802771    0.024302725   -0.049118057
   29.412806308    0.070510420   -0.004607154
   29.541809844    0.113611725    0.036873256
   29.670813381    0.153351054    0.075374174
   29.799816917    0.189068825    0.111001988
   29.928820454    0.220408671    0.143866772
   30.057823990    0.247423969    0.174053076
   30.186827527    0.270423037    0.201621568
   30.315831063    0.289860305    0.226634644
   30.444834599    0.306265260    0.249177972
   30.573838136    0.320134678    0.269366141
   30.702841672    0.331883867    0.287335295
   30.831845209    0.341855922    0.303227299
   30.960848745    0.350335228    0.317177128
   31.089852282    0.357559410    0.329310281
   31.218855818    0.363723818    0.339764786
   31.347859355    0.368992668    0.348708425
   31.476862891    0.373499902    0.356325536
   31.605866427    0.377360533    0.362798921
   31.734869964    0.380668207    0.368298767
   31.863873500    0.383505474    0.372976080
   31.992877037    0.385938646    0.376959438
   32.121880573    0.388027436    0.380356257
   32.250884110    0.389818831    0.383256329
   32.379887646    0.391356484    0.385734856
   32.508891182    0.392674231    0.387854989
   32.637894719    0.393804668    0.389669795
   32.766898255    0.394772527    0.391224067
   32.895901792    0.395602238    0.392555653
   33.024905328    0.396311818    0.393696726
   33.153908865    0.396919494    0.394674616
   33.282912401    0.397438491    0.395512671
   33.411915938    0.397882513    0.396230784
   33.540919474    0.398261504    0.396846009
   33.669923010    0.398585521    0.397372919
   33.798926547    0.398862036    0.397824062
   33.927930083    0.399098291    0.398210188
   34.056933620    0.399299946    0.398540571
   34.185937156    0.399472080    0.398823157
   34.314940693    0.399619150    0.399064797
   34.443944229    0.399744586    0.399271361
   34.572947765    0.399851994    0.399447904
   34.701951302    0.399943486    0.399598764
   34.830954838    0.400022055    0.399727668
   34.959958375    0.400088818    0.399837815
   35.088961911    0.400146374    0.399931931
   35.217965448    0.400195122    0.400012366
   35.346968984    0.400237386    0.400081109
   35.475972521    0.400273034    0.400139881
   35.604976057    0.400304154    0.400190130
   35.733979593    0.400330245    0.400233119
   35.862983130    0.400353200    0.400269899
   35.991986666    0.400372305    0.400301394
   36.120990203    0.400389276    0.400328359
   36.249993739    0.400403295    0.400351471
   36.378997276    0.400415876    0.400371274
   36.508000812    0.400426187    0.400388266
   36.637004348    0.400435522    0.400402839
   36.766007885    0.400443121    0.400415357
   36.895011421    0.400450046    0.400426104
   37.024014958    0.400455672    0.400435348
   37.153018494    0.400460827    0.400443292
   37.282022031    0.400465105    0.400450135
   37.411025567    0.400468961    0.400456024
   37.540029104    0.400472200    0.400461104
   37.669032640    0.400475049    0.400465484
   37.798036176    0.400477536    0.400469269
   37.927039713    0.400479624    0.400472539
   38.056043249    0.400481546    0.400475369
   38.185046786    0.400483043    0.400477822
   38.314050322    0.400484573    0.400479949
   38.443053859    0.400485636    0.400481799
   38.572057395    0.400486880    0.400483407
   38.701060931    0.400487616    0.400484811
   38.830064468    0.400488651    0.400486032
   38.959068004    0.400489146    0.400487101
   39.088071541    0.400490023    0.400488032
   39.217075077    0.400490340    0.400488853
   39.346078614    0.400491091    0.400489567
   39.475082150    0.400491283    0.400490202
   39.604085687    0.400491931    0.400490756
   39.733089223    0.400492039    0.400491253
   39.862092759    0.400492599    0.400491688
   39.991096296    0.400492658    0.400492081
   40.120099832    0.400493134    0.400492427
   40.249103369    0.400493170    0.400492742
   40.378106905    0.400493567    0.400493020
   40.507110442    0.400493602    0.400493276
   40.636113978    0.400493923    0.400493504
   40.765117515    0.400493973    0.400493714
   40.894121051    0.400494219    0.400493903
   41.023124587    0.400494295    0.400494078
   41.152128124    0.400494468    0.400494237
   41.281131660    0.400494578    0.400494385
   41.410135197    0.400494682    0.400494521
   41.539138733    0.400494829    0.400494648
   41.668142270    0.400494868    0.400494766
   41.797145806    0.400495053    0.400494874
   41.926149342    0.400495033    0.400494978
   42.055152879    0.400495252    0.400495073
   42.184156415    0.400495181    0.400495165
   42.313159952    0.400495430    0.400495248
   42.442163488    0.400495317    0.400495331
   42.571167025    0.400495587    0.400495404
   42.700170561    0.400495443    0.400495478
   42.829174098    0.400495725    0.400495543
   42.958177634    0.400495562    0.400495611
   43.087181170    0.400495846    0.400495669
   43.216184707    0.400495675    0.400495729
   43.345188243    0.400495951    0.400495781
   43.474191780    0.400495783    0.400495836
   43.603195316    0.400496039    0.400495883
   43.732198853    0.400495887    0.400495932
   43.861202389    0.400496114    0.400495973
   43.990205925    0.400495985    0.400496017
   44.119209462    0.400496175    0.400496055
   44.248212998    0.400496079    0.400496093
   44.377216535    0.400496224    0.400496127
   44.506220071    0.400496167    0.400496160
   44.635223608    0.400496262    0.400445217
   44.764227144    0.400496249    0.400309318
   44.893230681    0.400496291    0.400088461
   45.022234217    0.400496323    0.399782648
   45.151237753    0.400496312    0.399391878
   45.280241290    0.400496388    0.398916150
   45.409244826    0.400496327    0.398355467
   45.538248363    0.400496444    0.397709825
   45.667251899    0.400496336    0.396979229
   45.796255436    0.400496490    0.396214645
   45.925258972    0.400496340    0.395450063
   46.054262508    0.399324147    0.394685476
   46.183266045    0.397370002    0.393920890
   46.312269581    0.395416244    0.393156298
