    0.000000000    0.517035589    0.518317277
    0.127420476    0.519375151    0.519233112
    0.254840952    0.521716532    0.520148956
    0.382261429    0.524056138    0.521064788
    0.509681905    0.526397431    0.521980628
    0.637102381    0.528737157    0.522896459
    0.764522857    0.529674004    0.523812296
    0.891943334    0.529673435    0.524728124
    1.019363810    0.529673875    0.525643957
    1.146784286    0.529673537    0.526498729
    1.274204762    0.529673724    0.527251741
    1.401625238    0.529673646    0.527902991
    1.529045715    0.529673561    0.528452480
    1.656466191    0.529673749    0.528900209
    1.783886667    0.529673399    0.529246174
    1.911307143    0.529673836    0.529490381
    2.038727620    0.529673248    0.529632822
    2.166148096    0.529673895    0.529673507
    2.293568572    0.529673117    0.529673481
    2.420989048    0.529673919    0.529673460
    2.548409524    0.529673014    0.529673429
    2.675830001    0.529673900    0.529673406
    2.803250477    0.529672944    0.529673372
    2.930670953    0.529673836    0.529673346
    3.058091429    0.529672907    0.529673308
    3.185511906    0.529673726    0.529673278
    3.312932382    0.529672902    0.529673237
    3.440352858    0.529673574    0.529673204
    3.567773334    0.529672923    0.529673159
    3.695193810    0.529673385    0.529673121
    3.822614287    0.529672961    0.529673073
    3.950034763    0.529673169    0.529673029
    4.077455239    0.529673006    0.529672977
    4.204875715    0.529672936    0.529672926
    4.332296192    0.529673045    0.529672871
    4.459716668    0.529672695    0.529672812
    4.587137144    0.529673066    0.529672752
    4.714557620    0.529672458    0.529672684
    4.841978096    0.529673055    0.529672617
    4.969398573    0.529672233    0.529672539
    5.096819049    0.529673001    0.529672463
    5.224239525    0.529672026    0.529672373
    5.351660001    0.529672894    0.529672285
    5.479080478    0.529671839    0.529672180
    5.606500954    0.529672725    0.529672076
    5.733921430    0.529671670    0.529671952
    5.861341906    0.529672488    0.529671827
    5.988762383    0.529671512    0.529671678
    6.116182859    0.529672177    0.529671525
    6.243603335    0.529671351    0.529671344
    6.371023811    0.529671788    0.529671153
    6.498444287    0.529671168    0.529670929
    6.625864764    0.529671316    0.529670686
    6.753285240    0.529670936    0.529670404
    6.880705716    0.529670751    0.529670091
    7.008126192    0.529670619    0.529669731
    7.135546669    0.529670079    0.529669323
    7.262967145    0.529670172    0.529668855
    7.390387621    0.529669274    0.529668318
    7.517808097    0.529669541    0.529667706
    7.645228573    0.529668297    0.529666999
    7.772649050    0.529668652    0.529666190
    7.900069526    0.529667085    0.529665247
    8.027490002    0.529667410    0.529664163
    8.154910478    0.529665547    0.529662893
    8.282330955    0.529665696    0.529661427
    8.409751431    0.529663551    0.529659704
    8.537171907    0.529663347    0.529657706
    8.664592383    0.529660908    0.529655356
    8.792012859    0.529660146    0.529652620
    8.919433336    0.529657431    0.529649399
    9.046853812    0.529655915    0.529645635
    9.174274288    0.529652731    0.529641204
    9.301694764    0.529650107    0.529636011
    9.429115241    0.529646228    0.529629896
    9.556535717    0.529642122    0.529622715
    9.683956193    0.529637200    0.529614256
    9.811376669    0.529631143    0.529604305
    9.938797145    0.529624658    0.529592577
   10.066217622    0.529616036    0.529578762
   10.193638098    0.529607227    0.529562474
   10.321058574    0.529595197    0.529543268
   10.448479050    0.529582974    0.529520611
   10.575899527    0.529566374    0.529493873
   10.703320003    0.529549223    0.529462319
   10.830740479    0.529526436    0.529425063
   10.958160955    0.529502251    0.529381086
   11.085581431    0.529470981    0.529329151
   11.213001908    0.529436819    0.529267844
   11.340422384    0.529393812    0.529195445
   11.467842860    0.529345602    0.529109991
   11.595263336    0.529286289    0.529009108
   11.722683813    0.529218406    0.528890077
   11.850104289    0.529136333    0.528749634
   11.977524765    0.529040928    0.528584037
   12.104945241    0.528927001    0.528388816
   12.232365717    0.528793201    0.528158826
   12.359786194    0.528634771    0.527887961
   12.487206670    0.528447611    0.527569162
   12.614627146    0.528227146    0.527194100
   12.742047622    0.527965965    0.526753111
   12.869468099    0.527659219    0.526234826
   12.996888575    0.527295717    0.525625996
   13.124309051    0.526869507    0.524911054
   13.251729527    0.526365027    0.524071803
   13.379150003    0.525774224    0.523086877
   13.506570480    0.525076311    0.521931228
   13.633990956    0.524259445    0.520575428
   13.761411432    0.523296540    0.518984836
   13.888831908    0.522169866    0.517118640
   14.016252385    0.520844558    0.514928623
   14.143672861    0.519294074    0.512357879
   14.271093337    0.517473250    0.509339119
   14.398513813    0.515342511    0.505793005
   14.525934289    0.512842638    0.501625884
   14.653354766    0.509915625    0.496727561
   14.780775242    0.506483028    0.490968172
   14.908195718    0.502461019    0.484195004
   15.035616194    0.497743590    0.476227966
   15.163036671    0.492209594    0.466854701
   15.290457147    0.485712260    0.455823623
   15.417877623    0.478077227    0.442835938
   15.545298099    0.469100012    0.427535179
   15.672718575    0.458534486    0.409502042
   15.800139052    0.446098603    0.388256419
   15.927559528    0.431451947    0.363265588
   16.054980004    0.414208069    0.333953766
   16.182400480    0.393899075    0.299713067
   16.309820957    0.369991375    0.259918223
   16.437241433    0.341834421    0.214002298
   16.564661909    0.308674359    0.161525173
   16.692082385    0.269581737    0.102194870
   16.819502861    0.223453117    0.035972078
   16.946923338    0.168927105   -0.036804877
   17.074343814    0.104531913   -0.115343856
   17.201764290    0.028823935   -0.198384928
   17.329184766   -0.059446622   -0.284274023
   17.456605243   -0.161329249   -0.371103993
   17.584025719   -0.277620469   -0.456857136
   17.711446195   -0.408798382   -0.539524087
   17.838866671   -0.553605244   -0.617229481
   17.966287148   -0.709230299   -0.688370742
   18.093707624   -0.872387365   -0.751724141
   18.221128100   -1.037411953   -0.806478721
   18.348548576   -1.195792752   -0.852199955
   18.475969052   -1.337296500   -0.888739293
   18.603389529   -1.451410165   -0.916111949
   18.730810005   -1.529350587   -0.934444778
   18.858230481   -1.565637349   -0.943967663
   18.985650957   -1.558114227   -0.944938421
   19.113071434   -1.507440804   -0.937607644
   19.240491910   -1.417232680   -0.922225514
   19.367912386   -1.294414587   -0.899107409
   19.495332862   -1.148453817   -0.868695547
   19.622753338   -0.989773600   -0.831576421
   19.750173815   -0.828135279   -0.788581287
   19.877594291   -0.671477654   -0.740907340
   20.005014767   -0.525039180   -0.690187908
   20.132435243   -0.392831120   -0.638496498
   20.259855720   -0.278472989   -0.588264454
   20.387276196   -0.183656681   -0.542111828
   20.514696672   -0.109012587   -0.502617514
   20.642117148   -0.055009413   -0.472158855
   20.769537624   -0.021888812   -0.452754368
   20.896958101   -0.009757469   -0.445806562
   21.024378577   -0.018647476   -0.451891945
   21.151799053   -0.048523880   -0.470671013
   21.279219529   -0.099291957   -0.500944350
   21.406640006   -0.170749576   -0.540841353
   21.534060482   -0.262507730   -0.588070365
   21.661480958   -0.374013562   -0.640098850
   21.788901434   -0.504126968   -0.694303411
   21.916321910   -0.649745011   -0.748182833
   22.043742387   -0.806891632   -0.799537880
   22.171162863   -0.970929472   -0.846587557
   22.298583339   -1.134615055   -0.888007820
   22.426003815   -1.288417628   -0.922889822
   22.553424292   -1.421692174   -0.950644589
   22.680844768   -1.524422011   -0.970892393
   22.808265244   -1.589108735   -0.983437455
   22.935685720   -1.611306456   -0.988234578
   23.063106196   -1.589486273   -0.985313460
   23.190526673   -1.525177902   -0.974760831
   23.317947149   -1.422883383   -0.956740981
   23.445367625   -1.290178674   -0.931568155
   23.572788101   -1.137151972   -0.899725156
   23.700208578   -0.974554857   -0.861867125
   23.827629054   -0.812043516   -0.818913738
   23.955049530   -0.657007114   -0.772129729
   24.082470006   -0.514223376   -0.723172792
   24.209890482   -0.387828390   -0.674043656
   24.337310959   -0.281083400   -0.626966716
   24.464731435   -0.195322011   -0.584311780
   24.592151911   -0.131303113   -0.548431651
   24.719572387   -0.089670408   -0.521438743
   24.846992864   -0.070770003   -0.505013304
   24.974413340   -0.074502674   -0.500232045
   25.101833816   -0.100194760   -0.507427200
   25.229254292   -0.146687143   -0.526124152
   25.356674768   -0.212385421   -0.555077396
   25.484095245   -0.295682619   -0.592408603
   25.611515721   -0.394451896   -0.635833783
   25.738936197   -0.506339116   -0.682838640
   25.866356673   -0.630242928   -0.730848119
   25.993777150   -0.764243289   -0.777438554
   26.121197626   -0.904341020   -0.820505964
   26.248618102   -1.045098288   -0.858368168
   26.376038578   -1.180209733   -0.889750619
   26.503459054   -1.302640526   -0.913740688
   26.630879531   -1.404584762   -0.929781400
   26.758300007   -1.477968116   -0.937582375
   26.885720483   -1.515624888   -0.937036927
   27.013140959   -1.513002504   -0.928147332
   27.140561436   -1.468940106   -0.910968890
   27.267981912   -1.385301403   -0.885571505
   27.395402388   -1.266902024   -0.851969360
   27.522822864   -1.121853539   -0.810167084
   27.650243340   -0.960501099   -0.760265124
   27.777663817   -0.792566383   -0.702539812
   27.905084293   -0.626274261   -0.637491815
   28.032504769   -0.469131145   -0.565888410
   28.159925245   -0.326109553   -0.488802722
   28.287345722   -0.199840113   -0.407632107
   28.414766198   -0.091221948   -0.324061825
   28.542186674    0.000652282   -0.239956007
   28.669607150    0.077800723   -0.157212131
   28.797027626    0.142606405   -0.077632788
   28.924448103    0.197209061   -0.002798675
   29.051868579    0.243404065    0.066072339
   29.179289055    0.282583892    0.128221254
   29.306709531    0.315894206    0.183319133
   29.434130008    0.344237791    0.231401084
   29.561550484    0.368386039    0.272833924
   29.688970960    0.388956030    0.308205163
   29.816391436    0.406491599    0.338220618
   29.943811913    0.421431312    0.363628327
   30.071232389    0.434169061    0.385139848
   30.198652865    0.445023467    0.403381147
   30.326073341    0.454282592    0.418876862
   30.453493817    0.462179772    0.432060046
   30.580914294    0.468923942    0.443287477
   30.708334770    0.474684829    0.452856340
   30.835755246    0.479610626    0.461015430
   30.963175722    0.483824177    0.467974896
   31.090596199    0.487428946    0.473912478
   31.218016675    0.490515346    0.478979470
   31.345437151    0.493155352    0.483304406
   31.472857627    0.495417273    0.486996995
   31.600278103    0.497350596    0.490150505
   31.727698580    0.499007858    0.492844523
   31.855119056    0.500422288    0.495146610
   31.982539532    0.501634972    0.497114328
   32.109960008    0.502667755    0.498796484
   32.237380485    0.503553256    0.500234656
   32.364800961    0.504305512    0.501464169
   32.492221437    0.504950439    0.502515178
   32.619641913    0.505496850    0.503413403
   32.747062389    0.505965109    0.504180841
   32.874482866    0.506360870    0.504836319
   33.001903342    0.506699780    0.505395929
   33.129323818    0.506985876    0.505873494
   33.256744294    0.507230612    0.506280814
   33.384164771    0.507437267    0.506628068
   33.511585247    0.507613531    0.506923923
   33.639005723    0.507762798    0.507175892
   33.766426199    0.507889424    0.507390336
   33.893846675    0.507997374    0.507572795
   34.021267152    0.508088136    0.507727931
   34.148687628    0.508166424    0.507859826
   34.276108104    0.508231335    0.507971885
   34.403528580    0.508288307    0.508067110
   34.530949057    0.508334596    0.508147979
   34.658369533    0.508376207    0.508216684
   34.785790009    0.508409132    0.508275017
   34.913210485    0.508439643    0.508324574
   35.040630961    0.508463033    0.508366652
   35.168051438    0.508485465    0.508402405
   35.295471914    0.508502083    0.508432772
   35.422892390    0.508518566    0.508458583
   35.550312866    0.508530421    0.508480517
   35.677733343    0.508542482    0.508499166
   35.805153819    0.508551041    0.508515025
   35.932574295    0.508559774    0.508528515
   36.059994771    0.508566084    0.508540001
   36.187415247    0.508572275    0.508549775
   36.314835724    0.508577077    0.508558110
   36.442256200    0.508581313    0.508565203
   36.569676676    0.508585125    0.508571262
   36.697097152    0.508587861    0.508576420
   36.824517629    0.508591030    0.508580836
   36.951938105    0.508592619    0.508584595
   37.079358581    0.508595355    0.508587823
   37.206779057    0.508596090    0.508590571
   37.334199533    0.508598578    0.508592939
   37.461620010    0.508598778    0.508594955
   37.589040486    0.508601008    0.508596700
   37.716460962    0.508600821    0.508598187
   37.843881438    0.508602790    0.508599480
   37.971301915    0.508602400    0.508600585
   38.098722391    0.508604087    0.508601549
   38.226142867    0.508603649    0.508602378
   38.353563343    0.508605022    0.508603104
   38.480983819    0.508604662    0.508603732
   38.608404296    0.508605689    0.508604285
   38.735824772    0.508605500    0.508604769
   38.863245248    0.508606160    0.508605193
   38.990665724    0.508606204    0.508605568
   39.118086201    0.508606493    0.508605894
   39.245506677    0.508606799    0.508606188
   39.372927153    0.508606735    0.508606442
   39.500347629    0.508607301    0.508606677
   39.627768105    0.508606923    0.508606878
   39.755188582    0.508607718    0.508607068
   39.882609058    0.508607083    0.508607229
   40.010029534    0.508608055    0.508607385
   40.137450010    0.508607240    0.508607516
   40.264870487    0.508608317    0.508607647
   40.392290963    0.508607406    0.508607757
   40.519711439    0.508608508    0.508607867
   40.647131915    0.508607590    0.508607960
   40.774552391    0.508608633    0.508608055
   40.901972868    0.508607796    0.508608135
   41.029393344    0.508608701    0.508608217
   41.156813820    0.508608023    0.508608288
   41.284234296    0.508608722    0.508608359
   41.411654773    0.508608264    0.508608423
   41.539075249    0.508608708    0.508608485
   41.666495725    0.508608511    0.508608544
   41.793916201    0.508608671    0.508608598
   41.921336678    0.508608754    0.508608652
   42.048757154    0.508608625    0.508608699
   42.176177630    0.508608982    0.508608749
   42.303598106    0.508608583    0.508608790
   42.431018582    0.508609185    0.508608837
   42.558439059    0.508608557    0.508608873
   42.685859535    0.508609353    0.508608917
   42.813280011    0.508608555    0.508608949
   42.940700487    0.508609479    0.508608989
   43.068120964    0.508608584    0.508609017
   43.195541440    0.508609559    0.508609054
   43.322961916    0.508608648    0.508609079
   43.450382392    0.508609592    0.508609112
   43.577802868    0.508608745    0.508609134
   43.705223345    0.508609582    0.508609163
   43.832643821    0.508608872    0.508609184
   43.960064297    0.508609533    0.508609209
   44.087484773    0.508609022    0.508670284
   44.214905250    0.508609454    0.508833121
   44.342325726    0.508609187    0.509097714
   44.469746202    0.508609356    0.509464067
   44.597166678    0.508609354    0.509932178
   44.724587154    0.508609249    0.510502046
   44.852007631    0.508609513    0.511173676
   44.979428107    0.508609145    0.511947061
   45.106848583    0.508609653    0.512822209
   45.234269059    0.508609055    0.513738054
   45.361689536    0.508609763    0.514653904
   45.489110012    0.510013276    0.515569745
   45.616530488    0.512354602    0.516485594
   45.743950964    0.514694197    0.517401431
