    0.000000000    0.414672137    0.414259637
    0.128386830    0.413919190    0.413965059
    0.256773659    0.413166497    0.413670480
    0.385160489    0.412413580    0.413375900
    0.513547318    0.411660849    0.413081319
    0.641934148    0.410907970    0.412786737
    0.770320978    0.410606883    0.412492155
    0.898707807    0.410606860    0.412197571
    1.027094637    0.410606850    0.411902987
    1.155481466    0.410606872    0.411628040
    1.283868296    0.410606814    0.411385824
    1.412255126    0.410606879    0.411176337
    1.540641955    0.410606777    0.410999581
    1.669028785    0.410606881    0.410855555
    1.797415615    0.410606740    0.410744259
    1.925802444    0.410606874    0.410665692
    2.054189274    0.410606704    0.410619857
    2.182576103    0.410606859    0.410606750
    2.310962933    0.410606669    0.410606735
    2.439349763    0.410606833    0.410606719
    2.567736592    0.410606637    0.410606702
    2.696123422    0.410606797    0.410606683
    2.824510251    0.410606607    0.410606664
    2.952897081    0.410606750    0.410606643
    3.081283911    0.410606578    0.410606620
    3.209670740    0.410606692    0.410606596
    3.338057570    0.410606550    0.410606570
    3.466444399    0.410606624    0.410606542
    3.594831229    0.410606520    0.410606512
    3.723218059    0.410606546    0.410606480
    3.851604888    0.410606485    0.410606446
    3.979991718    0.410606458    0.410606409
    4.108378547    0.410606444    0.410606369
    4.236765377    0.410606361    0.410606326
    4.365152207    0.410606392    0.410606278
    4.493539036    0.410606255    0.410606228
    4.621925866    0.410606326    0.410606172
    4.750312695    0.410606139    0.410606111
    4.878699525    0.410606241    0.410606044
    5.007086355    0.410606012    0.410605971
    5.135473184    0.410606132    0.410605889
    5.263860014    0.410605869    0.410605799
    5.392246844    0.410605993    0.410605699
    5.520633673    0.410605706    0.410605587
    5.649020503    0.410605815    0.410605462
    5.777407332    0.410605515    0.410605322
    5.905794162    0.410605590    0.410605164
    6.034180992    0.410605285    0.410604985
    6.162567821    0.410605304    0.410604784
    6.290954651    0.410605000    0.410604554
    6.419341480    0.410604942    0.410604295
    6.547728310    0.410604639    0.410603997
    6.676115140    0.410604481    0.410603659
    6.804501969    0.410604173    0.410603271
    6.932888799    0.410603892    0.410602827
    7.061275628    0.410603565    0.410602316
    7.189662458    0.410603133    0.410601730
    7.318049288    0.410602761    0.410601053
    7.446436117    0.410602149    0.410600276
    7.574822947    0.410601693    0.410599380
    7.703209776    0.410600864    0.410598347
    7.831596606    0.410600267    0.410597152
    7.959983436    0.410599172    0.410595770
    8.088370265    0.410598356    0.410594167
    8.216757095    0.410596930    0.410592309
    8.345143924    0.410595791    0.410590150
    8.473530754    0.410593943    0.410587642
    8.601917584    0.410592339    0.410584725
    8.730304413    0.410589942    0.410581332
    8.858691243    0.410587724    0.410577381
    8.987078073    0.410584679    0.410572778
    9.115464902    0.410581556    0.410567414
    9.243851732    0.410577511    0.410561159
    9.372238561    0.410573155    0.410553863
    9.500625391    0.410567770    0.410545347
    9.629012221    0.410561736    0.410535407
    9.757399050    0.410554522    0.410523795
    9.885785880    0.410546209    0.410510231
   10.014172709    0.410536485    0.410494374
   10.142559539    0.410525077    0.410475840
   10.270946369    0.410511895    0.410454160
   10.399333198    0.410496278    0.410428800
   10.527720028    0.410478332    0.410399119
   10.656106857    0.410456981    0.410364383
   10.784493687    0.410432473    0.410323715
   10.912880517    0.410403296    0.410276103
   11.041267346    0.410369740    0.410220347
   11.169654176    0.410329848    0.410155059
   11.298041005    0.410283821    0.410078602
   11.426427835    0.410229243    0.409989072
   11.554814665    0.410166042    0.409884246
   11.683201494    0.410091305    0.409761530
   11.811588324    0.410004455    0.409617911
   11.939975153    0.409902016    0.409449868
   12.068361983    0.409782627    0.409253329
   12.196748813    0.409642141    0.409023542
   12.325135642    0.409478068    0.408755019
   12.453522472    0.409285401    0.408441367
   12.581909302    0.409060099    0.408075201
   12.710296131    0.408796008    0.407647923
   12.838682961    0.408487032    0.407149592
   12.967069790    0.408125471    0.406568626
   13.095456620    0.407702625    0.405891611
   13.223843450    0.407208643    0.405102906
   13.352230279    0.406631303    0.404184352
   13.480617109    0.405957920    0.403114745
   13.609003938    0.405171891    0.401869386
   13.737390768    0.404256448    0.400419373
   13.865777598    0.403189295    0.398730905
   13.994164427    0.401947924    0.396764312
   14.122551257    0.400502450    0.394473016
   14.250938086    0.398822199    0.391802225
   14.379324916    0.396867026    0.388687438
   14.507711746    0.394594700    0.385052725
   14.636098575    0.391951105    0.380808634
   14.764485405    0.388877708    0.375849845
   14.892872234    0.385301050    0.370052099
   15.021259064    0.381139370    0.363268709
   15.149645894    0.376291846    0.355325689
   15.278032723    0.370643295    0.346016122
   15.406419553    0.364053769    0.335092337
   15.534806383    0.356360301    0.322261333
   15.663193212    0.347367801    0.307184184
   15.791580042    0.336846927    0.289481481
   15.919966871    0.324527090    0.268746260
   16.048353701    0.310088518    0.244537689
   16.176740531    0.293156494    0.216365167
   16.305127360    0.273283145    0.183700159
   16.433514190    0.249939945    0.146018156
   16.561901019    0.222482446    0.102864327
   16.690287849    0.190136407    0.053915777
   16.818674679    0.151942247   -0.000923636
   16.947061508    0.106834828   -0.061406990
   17.075448338    0.053728021   -0.126867448
   17.203835167   -0.008339976   -0.196189211
   17.332221997   -0.080043058   -0.267877246
   17.460608827   -0.162202441   -0.340200750
   17.588995656   -0.256016884   -0.411335428
   17.717382486   -0.362417488   -0.479481440
   17.845769315   -0.481385015   -0.542992693
   17.974156145   -0.611398706   -0.600516263
   18.102542975   -0.749524797   -0.651085672
   18.230929804   -0.890663211   -0.694124632
   18.359316634   -1.027063371   -0.729391040
   18.487703463   -1.149230223   -0.756882335
   18.616090293   -1.247032747   -0.776732567
   18.744477123   -1.311977889   -0.789157306
   18.872863952   -1.338913507   -0.794404267
   19.001250782   -1.326009071   -0.792695953
   19.129637612   -1.274201766   -0.784190685
   19.258024441   -1.187475678   -0.769002800
   19.386411271   -1.073102166   -0.747260165
   19.514798100   -0.940613961   -0.719162858
   19.643184930   -0.799759675   -0.685038589
   19.771571760   -0.659185144   -0.645435772
   19.899958589   -0.525464965   -0.601237582
   20.028345419   -0.402827307   -0.553733755
   20.156732248   -0.294108971   -0.504639902
   20.285119078   -0.200723155   -0.456039243
   20.413505908   -0.122911218   -0.410251768
   20.541892737   -0.060395727   -0.369673561
   20.670279567   -0.013096133   -0.336611759
   20.798666396    0.018695590   -0.313089418
   20.927053226    0.034839350   -0.300645417
   21.055440056    0.035333394   -0.300140106
   21.183826885    0.020201592   -0.311645418
   21.312213715   -0.010505007   -0.334433197
   21.440600544   -0.056642193   -0.367062592
   21.568987374   -0.117874131   -0.407575351
   21.697374204   -0.194162736   -0.453692180
   21.825761033   -0.285801591   -0.503007814
   21.954147863   -0.392710302   -0.553171772
   22.082534692   -0.513780328   -0.602044350
   22.210921522   -0.646461828   -0.647824016
   22.339308352   -0.786890143   -0.689125304
   22.467695181   -0.928991811   -0.724984246
   22.596082011   -1.064381858   -0.754806168
   22.724468841   -1.183304051   -0.778266715
   22.852855670   -1.275941050   -0.795216997
   22.981242500   -1.334620773   -0.805629802
   23.109629329   -1.354796030   -0.809544677
   23.238016159   -1.334982735   -0.807009535
   23.366402989   -1.276682252   -0.798049704
   23.494789818   -1.184465017   -0.782698537
   23.623176648   -1.066028463   -0.761055667
   23.751563477   -0.931234031   -0.733342503
   23.879950307   -0.789916326   -0.699958502
   24.008337137   -0.650570802   -0.661583114
   24.136723966   -0.519390993   -0.619284035
   24.265110796   -0.400361493   -0.574584616
   24.393497625   -0.296136692   -0.529447217
   24.521884455   -0.207916275   -0.486146757
   24.650271285   -0.135854454   -0.447084540
   24.778658114   -0.079725495   -0.414585074
   24.907044944   -0.039633461   -0.390694683
   25.035431773   -0.015994301   -0.376966822
   25.163818603   -0.009059074   -0.374265925
   25.292205433   -0.019058103   -0.382618388
   25.420592262   -0.046357882   -0.401219495
   25.548979092   -0.091503043   -0.428588575
   25.677365921   -0.155217421   -0.462785547
   25.805752751   -0.237780883   -0.501629091
   25.934139581   -0.338710192   -0.542887371
   26.062526410   -0.456365023   -0.584489221
   26.190913240   -0.587495034   -0.624688705
   26.319300070   -0.727203242   -0.662121110
   26.447686899   -0.868724226   -0.695763589
   26.576073729   -1.003907834   -0.724868513
   26.704460558   -1.123340680   -0.748903752
   26.832847388   -1.217741779   -0.767488457
   26.961234218   -1.280059634   -0.780301251
   27.089621047   -1.305921362   -0.786990007
   27.218007877   -1.293763013   -0.787143313
   27.346394706   -1.245077122   -0.780313735
   27.474781536   -1.164758826   -0.766056619
   27.603168366   -1.060442575   -0.743983840
   27.731555195   -0.940670808   -0.713839008
   27.859942025   -0.813410482   -0.675573685
   27.988328854   -0.685407554   -0.629412816
   28.116715684   -0.561869586   -0.575900891
   28.245102514   -0.446506306   -0.515953463
   28.373489343   -0.341052140   -0.450851938
   28.501876173   -0.245344434   -0.382152863
   28.630263002   -0.158743470   -0.311576920
   28.758649832   -0.080700570   -0.240891338
   28.887036662   -0.010796527   -0.171780524
   29.015423491    0.051308888   -0.105701003
   29.143810321    0.105836106   -0.043764745
   29.272197150    0.152899173    0.013298375
   29.400583980    0.192975768    0.065113750
   29.528970810    0.226866431    0.111607614
   29.657357639    0.255450165    0.152938812
   29.785744469    0.279593299    0.189432795
   29.914131299    0.300019103    0.221494780
   30.042518128    0.317325317    0.249526702
   30.170904958    0.332005383    0.273905794
   30.299291787    0.344471585    0.294988168
   30.427678617    0.355070162    0.313113949
   30.556065447    0.364091361    0.328610452
   30.684452276    0.371780945    0.341797038
   30.812839106    0.378343152    0.352989557
   30.941225935    0.383951309    0.362484293
   31.069612765    0.388747979    0.370543788
   31.197999595    0.392855310    0.377393261
   31.326386424    0.396373498    0.383221042
   31.454773254    0.399389784    0.388184692
   31.583160083    0.401975640    0.392416344
   31.711546913    0.404194040    0.396027197
   31.839933743    0.406096426    0.399110930
   31.968320572    0.407728464    0.401746570
   32.096707402    0.409127576    0.404000809
   32.225094231    0.410327108    0.405929960
   32.353481061    0.411354706    0.407581657
   32.481867891    0.412234803    0.408996233
   32.610254720    0.412988049    0.410207960
   32.738641550    0.413632268    0.411245980
   32.867028380    0.414183045    0.412135172
   32.995415209    0.414653319    0.412896760
   33.123802039    0.415055010    0.413548923
   33.252188868    0.415397437    0.414107206
   33.380575698    0.415689891    0.414584958
   33.508962528    0.415938840    0.414993622
   33.637349357    0.416151438    0.415343044
   33.765736187    0.416332168    0.415641672
   33.894123016    0.416486572    0.415896781
   34.022509846    0.416617680    0.416114614
   34.150896676    0.416729785    0.416300546
   34.279283505    0.416824905    0.416459188
   34.407670335    0.416906324    0.416594505
   34.536057164    0.416975382    0.416709898
   34.664443994    0.417034540    0.416808285
   34.792830824    0.417084731    0.416892163
   34.921217653    0.417127734    0.416963665
   35.049604483    0.417164275    0.417024618
   35.177991312    0.417195552    0.417076578
   35.306378142    0.417222217    0.417120880
   35.434764972    0.417244972    0.417158655
   35.563151801    0.417264478    0.417190875
   35.691538631    0.417281026    0.417218359
   35.819925460    0.417295338    0.417241815
   35.948312290    0.417307366    0.417261836
   36.076699120    0.417317904    0.417278934
   36.205085949    0.417326638    0.417293538
   36.333472779    0.417334424    0.417306018
   36.461859609    0.417340759    0.417316686
   36.590246438    0.417346528    0.417325810
   36.718633268    0.417351118    0.417333616
   36.847020097    0.417355402    0.417340298
   36.975406927    0.417358732    0.417346020
   37.103793757    0.417361914    0.417350923
   37.232180586    0.417364388    0.417355126
   37.360567416    0.417366818    0.417358731
   37.488954245    0.417368627    0.417361826
   37.617341075    0.417370426    0.417364484
   37.745727905    0.417371775    0.417366769
   37.874114734    0.417373102    0.417368734
   38.002501564    0.417374131    0.417370427
   38.130888393    0.417375094    0.417371886
   38.259275223    0.417375901    0.417373146
   38.387662053    0.417376582    0.417374235
   38.516048882    0.417377238    0.417375178
   38.644435712    0.417377700    0.417375995
   38.772822541    0.417378254    0.417376704
   38.901209371    0.417378548    0.417377317
   39.029596201    0.417379030    0.417377851
   39.157983030    0.417379197    0.417378315
   39.286369860    0.417379625    0.417378720
   39.414756689    0.417379701    0.417379073
   39.543143519    0.417380083    0.417379383
   39.671530349    0.417380098    0.417379654
   39.799917178    0.417380438    0.417379893
   39.928304008    0.417380418    0.417380104
   40.056690838    0.417380714    0.417380290
   40.185077667    0.417380680    0.417380455
   40.313464497    0.417380930    0.417380602
   40.441851326    0.417380901    0.417380734
   40.570238156    0.417381099    0.417380851
   40.698624986    0.417381089    0.417380956
   40.827011815    0.417381233    0.417381051
   40.955398645    0.417381252    0.417381138
   41.083785474    0.417381340    0.417381216
   41.212172304    0.417381394    0.417381287
   41.340559134    0.417381428    0.417381352
   41.468945963    0.417381520    0.417381412
   41.597332793    0.417381503    0.417381467
   41.725719622    0.417381630    0.417381517
   41.854106452    0.417381568    0.417381565
   41.982493282    0.417381726    0.417381608
   42.110880111    0.417381627    0.417381649
   42.239266941    0.417381808    0.417381687
   42.367653770    0.417381684    0.417381723
   42.496040600    0.417381876    0.417381756
   42.624427430    0.417381739    0.417381788
   42.752814259    0.417381933    0.417381817
   42.881201089    0.417381794    0.417381845
   43.009587918    0.417381978    0.417381871
   43.137974748    0.417381850    0.417381896
   43.266361578    0.417382013    0.417381919
   43.394748407    0.417381906    0.417381942
   43.523135237    0.417382038    0.417381962
   43.651522067    0.417381963    0.417381982
   43.779908896    0.417382055    0.417382001
   43.908295726    0.417382018    0.417382018
   44.036682555    0.417382066    0.417382034
   44.165069385    0.417382071    0.417382050
   44.293456215    0.417382072    0.417382064
   44.421843044    0.417382120    0.417362439
   44.550229874    0.417382076    0.417310082
   44.678616703    0.417382165    0.417224993
   44.807003533    0.417382079    0.417107172
   44.935390363    0.417382202    0.416956620
   45.063777192    0.417382081    0.416773335
   45.192164022    0.417382232    0.416557318
   45.320550851    0.417382086    0.416308570
   45.448937681    0.417382254    0.416027090
   45.577324511    0.417382093    0.415732517
   45.705711340    0.417382266    0.415437942
   45.834098170    0.416930414    0.415143368
   45.962484999    0.416177769    0.414848792
   46.090871829    0.415424801    0.414554215
