    0.000000000    0.439210482    0.440005512
    0.131049837    0.440705492    0.440617020
    0.262099673    0.442200081    0.441228526
    0.393149510    0.443695069    0.441840030
    0.524199347    0.445189674    0.442451532
    0.655249184    0.446684637    0.443063032
    0.786299020    0.447282383    0.443674530
    0.917348857    0.447282524    0.444286027
    1.048398694    0.447282372    0.444877137
    1.179448531    0.447282485    0.445413890
    1.310498367    0.447282354    0.445882695
    1.441548204    0.447282436    0.446283552
    1.572598041    0.447282329    0.446616463
    1.703647878    0.447282379    0.446881426
    1.834697714    0.447282296    0.447078441
    1.965747551    0.447282313    0.447207509
    2.096797388    0.447282254    0.447268629
    2.227847225    0.447282238    0.447282185
    2.358897061    0.447282204    0.447282149
    2.489946898    0.447282153    0.447282111
    2.620996735    0.447282143    0.447282069
    2.752046571    0.447282059    0.447282025
    2.883096408    0.447282072    0.447281977
    3.014146245    0.447281954    0.447281926
    3.145196082    0.447281988    0.447281871
    3.276245918    0.447281837    0.447281812
    3.407295755    0.447281890    0.447281749
    3.538345592    0.447281707    0.447281681
    3.669395429    0.447281776    0.447281607
    3.800445265    0.447281562    0.447281528
    3.931495102    0.447281642    0.447281442
    4.062544939    0.447281398    0.447281349
    4.193594776    0.447281486    0.447281248
    4.324644612    0.447281211    0.447281137
    4.455694449    0.447281301    0.447281016
    4.586744286    0.447280996    0.447280884
    4.717794122    0.447281081    0.447280738
    4.848843959    0.447280745    0.447280577
    4.979893796    0.447280816    0.447280399
    5.110943633    0.447280447    0.447280201
    5.241993469    0.447280495    0.447279981
    5.373043306    0.447280089    0.447279733
    5.504093143    0.447280102    0.447279457
    5.635142980    0.447279651    0.447279145
    5.766192816    0.447279613    0.447278793
    5.897242653    0.447279108    0.447278395
    6.028292490    0.447278998    0.447277943
    6.159342327    0.447278423    0.447277429
    6.290392163    0.447278216    0.447276843
    6.421442000    0.447277550    0.447276172
    6.552491837    0.447277213    0.447275405
    6.683541674    0.447276423    0.447274524
    6.814591510    0.447275911    0.447273512
    6.945641347    0.447274952    0.447272346
    7.076691184    0.447274208    0.447271002
    7.207741020    0.447273019    0.447269449
    7.338790857    0.447271963    0.447267655
    7.469840694    0.447270459    0.447265580
    7.600890531    0.447268987    0.447263185
    7.731940367    0.447267049    0.447260418
    7.862990204    0.447265017    0.447257215
    7.994040041    0.447262482    0.447253501
    8.125089878    0.447259698    0.447249189
    8.256139714    0.447256344    0.447244176
    8.387189551    0.447252546    0.447238345
    8.518239388    0.447248066    0.447231554
    8.649289225    0.447242895    0.447223642
    8.780339061    0.447236871    0.447214419
    8.911388898    0.447229938    0.447203663
    9.042438735    0.447222106    0.447191117
    9.173488572    0.447212776    0.447176480
    9.304538408    0.447202053    0.447159401
    9.435588245    0.447189294    0.447139473
    9.566638082    0.447174613    0.447116224
    9.697687918    0.447157179    0.447089101
    9.828737755    0.447137088    0.447057467
    9.959787592    0.447113287    0.447020580
   10.090837429    0.447085814    0.446977583
   10.221887265    0.447053350    0.446927483
   10.352937102    0.447015820    0.446869132
   10.483986939    0.446971592    0.446801201
   10.615036776    0.446920394    0.446722163
   10.746086612    0.446860210    0.446630263
   10.877136449    0.446790478    0.446523483
   11.008186286    0.446708711    0.446399501
   11.139236123    0.446613927    0.446255655
   11.270285959    0.446503058    0.446088886
   11.401335796    0.446374545    0.445895690
   11.532385633    0.446224569    0.445672051
   11.663435469    0.446050788    0.445413367
   11.794485306    0.445848576    0.445114366
   11.925535143    0.445614500    0.444769010
   12.056584980    0.445342719    0.444370381
   12.187634816    0.445028502    0.443910561
   12.318684653    0.444664508    0.443380478
   12.449734490    0.444244204    0.442769727
   12.580784327    0.443758345    0.442066363
   12.711834163    0.443198083    0.441256673
   12.842884000    0.442551696    0.440324895
   12.973933837    0.441807277    0.439252902
   13.104983674    0.440949803    0.438019818
   13.236033510    0.439963309    0.436601580
   13.367083347    0.438828426    0.434970406
   13.498133184    0.437523877    0.433094210
   13.629183021    0.436024658    0.430935923
   13.760232857    0.434302381    0.428452784
   13.891282694    0.432323756    0.425595563
   14.022332531    0.430050877    0.422307749
   14.153382367    0.427439775    0.418524634
   14.284432204    0.424439593    0.414172288
   14.415482041    0.420991797    0.409166357
   14.546531878    0.417027867    0.403410652
   14.677581714    0.412469014    0.396795481
   14.808631551    0.407222438    0.389195697
   14.939681388    0.401182153    0.380468356
   15.070731225    0.394224442    0.370449850
   15.201781061    0.386210434    0.358952246
   15.332830898    0.376980576    0.345758447
   15.463880735    0.366358159    0.330615546
   15.594930572    0.354141173    0.313225478
   15.725980408    0.340105394    0.293231549
   15.857030245    0.323992615    0.270198876
   15.988080082    0.305513438    0.243585896
   16.119129919    0.284332144    0.212705616
   16.250179755    0.260069117    0.176687518
   16.381229592    0.232280161    0.134470074
   16.512279429    0.200454144    0.084850735
   16.643329265    0.163978286    0.026613656
   16.774379102    0.122120728   -0.041226575
   16.905428939    0.073966239   -0.119082760
   17.036478776    0.018361436   -0.206510419
   17.167528612   -0.046214936   -0.302127779
   17.298578449   -0.121791316   -0.403695174
   17.429628286   -0.211160141   -0.508275923
   17.560678123   -0.318075265   -0.612494215
   17.691727959   -0.447029607   -0.712884300
   17.822777796   -0.602133333   -0.806256986
   17.953827633   -0.785710983   -0.889995695
   18.084877470   -0.996285644   -0.962248903
   18.215927306   -1.225493513   -1.022042422
   18.346977143   -1.456839867   -1.069274143
   18.478026980   -1.669477814   -1.104499749
   18.609076816   -1.843439469   -1.128582598
   18.740126653   -1.961427870   -1.142388494
   18.871176490   -2.010619063   -1.146592986
   19.002226327   -1.985140199   -1.141568249
   19.133276163   -1.887622279   -1.127332912
   19.264326000   -1.728426631   -1.103574582
   19.395375837   -1.523342239   -1.069739886
   19.526425674   -1.291366508   -1.025193831
   19.657475510   -1.053449279   -0.969485151
   19.788525347   -0.828659478   -0.902703490
   19.919575184   -0.628939517   -0.825775018
   20.050625021   -0.458559353   -0.740551490
   20.181674857   -0.316906300   -0.649739606
   20.312724694   -0.201042838   -0.556750290
   20.443774531   -0.107104113   -0.465454317
   20.574824368   -0.031645943   -0.379852433
   20.705874204    0.027849523   -0.303737181
   20.836924041    0.073032794   -0.240434343
   20.967973878    0.104997005   -0.192642277
   21.099023714    0.124405760   -0.162313823
   21.230073551    0.131653929   -0.150594117
   21.361123388    0.126881160   -0.157881839
   21.492173225    0.110036804   -0.183902255
   21.623223061    0.080818748   -0.227652166
   21.754272898    0.038664205   -0.287319798
   21.885322735   -0.017400639   -0.360325239
   22.016372572   -0.088878933   -0.443435019
   22.147422408   -0.178098889   -0.532911779
   22.278472245   -0.288345133   -0.624753481
   22.409522082   -0.423512723   -0.715022189
   22.540571919   -0.586851080   -0.800182690
   22.671621755   -0.779590588   -0.877366526
   22.802671592   -0.998668184   -0.944540308
   22.933721429   -1.233729008   -1.000598651
   23.064771266   -1.466732700   -1.045320586
   23.195821102   -1.676592248   -1.079114212
   23.326870939   -1.843794138   -1.102661472
   23.457920776   -1.951786237   -1.116634069
   23.588970612   -1.988987616   -1.121519624
   23.720020449   -1.951164972   -1.117520883
   23.851070286   -1.842628352   -1.104519362
   23.982120123   -1.675030931   -1.082111914
   24.113169959   -1.464998170   -1.049712077
   24.244219796   -1.232113161   -1.006725061
   24.375269633   -0.997535943   -0.952833655
   24.506319470   -0.779373639   -0.888356052
   24.637369306   -0.588062981   -0.814504843
   24.768419143   -0.426752860   -0.733436400
   24.899468980   -0.294320976   -0.648167157
   25.030518817   -0.187621306   -0.562419175
   25.161568653   -0.102878109   -0.480368251
   25.292618490   -0.036912787   -0.406291325
   25.423668327    0.012476659   -0.344167120
   25.554718163    0.046674527   -0.297321007
   25.685768000    0.066495412   -0.268143768
   25.816817837    0.072329261   -0.257876961
   25.947867674    0.064223564   -0.266588132
   26.078917510    0.041904687   -0.293392884
   26.209967347    0.004720422   -0.336725191
   26.341017184   -0.048454134   -0.394442905
   26.472067021   -0.119408491   -0.463826936
   26.603116857   -0.210503443   -0.541675739
   26.734166694   -0.323905159   -0.624484733
   26.865216531   -0.460289100   -0.708631841
   26.996266368   -0.618511036   -0.790593919
   27.127316204   -0.794801768   -0.867204522
   27.258366041   -0.983107821   -0.935905510
   27.389415878   -1.177093289   -0.994922772
   27.520465715   -1.369752402   -1.043303801
   27.651515551   -1.551684946   -1.080826425
   27.782565388   -1.708968342   -1.107804185
   27.913615225   -1.825871293   -1.124754483
   28.044665061   -1.889975429   -1.132061681
   28.175714898   -1.893411219   -1.129814260
   28.306764735   -1.833497652   -1.117817853
   28.437814572   -1.713682607   -1.095706274
   28.568864408   -1.544014005   -1.063088921
   28.699914245   -1.340004767   -1.019698171
   28.830964082   -1.120201961   -0.965473350
   28.962013919   -0.902435042   -0.900600419
   29.093063755   -0.701935316   -0.825594450
   29.224113592   -0.528819815   -0.741465964
   29.355163429   -0.384855934   -0.649871404
   29.486213266   -0.266572724   -0.553083725
   29.617263102   -0.168949365   -0.453817284
   29.748312939   -0.087402970   -0.355009325
   29.879362776   -0.018487673   -0.259565028
   30.010412613    0.040338394   -0.170070111
   30.141462449    0.090944995   -0.088518216
   30.272512286    0.134746053   -0.016119089
   30.403562123    0.172817190    0.046752945
   30.534611959    0.206008117    0.100482661
   30.665661796    0.234991975    0.146037791
   30.796711633    0.260329005    0.184662252
   30.927761470    0.282482169    0.217566603
   31.058811306    0.301854600    0.245773090
   31.189861143    0.318786724    0.270089764
   31.320910980    0.333582065    0.291145723
   31.451960817    0.346497688    0.309437018
   31.583010653    0.357766908    0.325362061
   31.714060490    0.367587953    0.339246907
   31.845110327    0.376144565    0.351363005
   31.976160164    0.383592557    0.361939755
   32.107210000    0.390078022    0.371173436
   32.238259837    0.395722542    0.379233591
   32.369309674    0.400640220    0.386267641
   32.500359510    0.404923134    0.392404300
   32.631409347    0.408658181    0.397756243
   32.762459184    0.411913375    0.402422260
   32.893509021    0.414754305    0.406489060
   33.024558857    0.417230984    0.410032783
   33.155608694    0.419393313    0.413120268
   33.286658531    0.421278237    0.415810112
   33.417708368    0.422924045    0.418153586
   33.548758204    0.424358022    0.420195439
   33.679808041    0.425609770    0.421974635
   33.810857878    0.426699597    0.423525045
   33.941907715    0.427650180    0.424876086
   34.072957551    0.428476651    0.426053302
   34.204007388    0.429196869    0.427078896
   34.335057225    0.429822097    0.427972186
   34.466107062    0.430366314    0.428750000
   34.597156898    0.430837885    0.429427010
   34.728206735    0.431247767    0.430016018
   34.859256572    0.431602225    0.430528203
   34.990306408    0.431909845    0.430973333
   35.121356245    0.432175347    0.431359948
   35.252406082    0.432405468    0.431695513
   35.383455919    0.432603680    0.431986563
   35.514505755    0.432775132    0.432238821
   35.645555592    0.432922569    0.432457295
   35.776605429    0.433049881    0.432646364
   35.907655266    0.433159230    0.432809859
   36.038705102    0.433253489    0.432951129
   36.169754939    0.433334411    0.433073104
   36.300804776    0.433404015    0.433178339
   36.431854613    0.433463789    0.433269069
   36.562904449    0.433515057    0.433347238
   36.693954286    0.433559157    0.433414543
   36.825004123    0.433596838    0.433472458
   36.956053960    0.433629363    0.433522268
   37.087103796    0.433656999    0.433565088
   37.218153633    0.433680986    0.433601889
   37.349203470    0.433701199    0.433633504
   37.480253306    0.433718898    0.433660658
   37.611303143    0.433733640    0.433683974
   37.742352980    0.433746725    0.433703994
   37.873402817    0.433757442    0.433721180
   38.004452653    0.433767184    0.433735936
   38.135502490    0.433775062    0.433748605
   38.266552327    0.433782352    0.433759485
   38.397602164    0.433788083    0.433768830
   38.528652000    0.433793721    0.433776861
   38.659701837    0.433797939    0.433783764
   38.790751674    0.433802229    0.433789703
   38.921801511    0.433805267    0.433794815
   39.052851347    0.433808558    0.433799221
   39.183901184    0.433810729    0.433803022
   39.314951021    0.433813283    0.433806305
   39.446000858    0.433814819    0.433809145
   39.577050694    0.433816824    0.433811602
   39.708100531    0.433817896    0.433813731
   39.839150368    0.433819489    0.433815580
   39.970200204    0.433820224    0.433817182
   40.101250041    0.433821506    0.433818573
   40.232299878    0.433821998    0.433819780
   40.363349715    0.433823041    0.433820831
   40.494399551    0.433823363    0.433821747
   40.625449388    0.433824220    0.433822546
   40.756499225    0.433824421    0.433823245
   40.887549062    0.433825131    0.433823858
   41.018598898    0.433825253    0.433824396
   41.149648735    0.433825842    0.433824870
   41.280698572    0.433825914    0.433825288
   41.411748409    0.433826404    0.433825658
   41.542798245    0.433826448    0.433825986
   41.673848082    0.433826852    0.433826279
   41.804897919    0.433826885    0.433826540
   41.935947755    0.433827214    0.433826774
   42.066997592    0.433827248    0.433826984
   42.198047429    0.433827511    0.433827174
   42.329097266    0.433827555    0.433827346
   42.460147102    0.433827756    0.433827502
   42.591196939    0.433827816    0.433827644
   42.722246776    0.433827963    0.433827774
   42.853296613    0.433828043    0.433827893
   42.984346449    0.433828138    0.433828002
   43.115396286    0.433828241    0.433828103
   43.246446123    0.433828289    0.433828197
   43.377495960    0.433828416    0.433828284
   43.508545796    0.433828420    0.433828364
   43.639595633    0.433828571    0.433828439
   43.770645470    0.433828535    0.433828509
   43.901695307    0.433828710    0.433828575
   44.032745143    0.433828636    0.433828636
   44.163794980    0.433828833    0.433828693
   44.294844817    0.433828726    0.433828747
   44.425894653    0.433828943    0.433828797
   44.556944490    0.433828806    0.433828845
   44.687994327    0.433829040    0.433828889
   44.819044164    0.433828877    0.433828930
   44.950094000    0.433829125    0.433828969
   45.081143837    0.433828940    0.433829005
   45.212193674    0.433829200    0.433829039
   45.343243511    0.433828997    0.433849454
   45.474293347    0.433829263    0.433924223
   45.605343184    0.433829046    0.434066935
   45.736393021    0.433829317    0.434277590
   45.867442858    0.433829090    0.434556188
   45.998492694    0.433829360    0.434902730
   46.129542531    0.433829127    0.435317214
   46.260592368    0.433829394    0.435799642
   46.391642205    0.433829159    0.436350012
   46.522692041    0.433829418    0.436947943
   46.653741878    0.433829185    0.437559460
   46.784791715    0.434726310    0.438170976
   46.915841551    0.436220878    0.438782490
   47.046891388    0.437715905    0.439394002
