    0.000000000    0.504837597    0.505164769
    0.128952698    0.505434766    0.505398726
    0.257905395    0.506033389    0.505632664
    0.386858093    0.506630446    0.505866620
    0.515810790    0.507229158    0.506100555
    0.644763488    0.507826144    0.506334510
    0.773716185    0.508066182    0.506568444
    0.902668883    0.508065276    0.506802398
    1.031621580    0.508066168    0.507036330
    1.160574278    0.508065281    0.507254685
    1.289526976    0.508066127    0.507447025
    1.418479673    0.508065306    0.507613389
    1.547432371    0.508066061    0.507753741
    1.676385068    0.508065348    0.507868114
    1.805337766    0.508065973    0.507956477
    1.934290463    0.508065405    0.508018858
    2.063243161    0.508065865    0.508055234
    2.192195859    0.508065474    0.508065621
    2.321148556    0.508065741    0.508065606
    2.450101254    0.508065548    0.508065592
    2.579053951    0.508065607    0.508065578
    2.708006649    0.508065624    0.508065559
    2.836959346    0.508065467    0.508065545
    2.965912044    0.508065696    0.508065522
    3.094864741    0.508065326    0.508065509
    3.223817439    0.508065758    0.508065482
    3.352770137    0.508065191    0.508065468
    3.481722834    0.508065805    0.508065436
    3.610675532    0.508065064    0.508065422
    3.739628229    0.508065832    0.508065386
    3.868580927    0.508064952    0.508065371
    3.997533624    0.508065834    0.508065331
    4.126486322    0.508064856    0.508065313
    4.255439019    0.508065808    0.508065269
    4.384391717    0.508064778    0.508065247
    4.513344415    0.508065751    0.508065200
    4.642297112    0.508064720    0.508065173
    4.771249810    0.508065660    0.508065122
    4.900202507    0.508064679    0.508065087
    5.029155205    0.508065536    0.508065031
    5.158107902    0.508064654    0.508064988
    5.287060600    0.508065378    0.508064925
    5.416013298    0.508064639    0.508064870
    5.544965995    0.508065186    0.508064798
    5.673918693    0.508064627    0.508064728
    5.802871390    0.508064961    0.508064644
    5.931824088    0.508064610    0.508064553
    6.060776785    0.508064701    0.508064453
    6.189729483    0.508064576    0.508064335
    6.318682180    0.508064404    0.508064210
    6.447634878    0.508064509    0.508064057
    6.576587576    0.508064066    0.508063897
    6.705540273    0.508064390    0.508063697
    6.834492971    0.508063679    0.508063487
    6.963445668    0.508064195    0.508063222
    7.092398366    0.508063226    0.508062940
    7.221351063    0.508063893    0.508062586
    7.350303761    0.508062684    0.508062203
    7.479256458    0.508063442    0.508061733
    7.608209156    0.508062014    0.508061223
    7.737161854    0.508062788    0.508060600
    7.866114551    0.508061162    0.508059905
    7.995067249    0.508061856    0.508059060
    8.124019946    0.508060044    0.508058096
    8.252972644    0.508060542    0.508056931
    8.381925341    0.508058544    0.508055581
    8.510878039    0.508058704    0.508053956
    8.639830736    0.508056493    0.508052051
    8.768783434    0.508056148    0.508049769
    8.897736132    0.508053799    0.508047072
    9.026688829    0.508052982    0.508043850
    9.155641527    0.508050236    0.508040024
    9.284594224    0.508048427    0.508035462
    9.413546922    0.508045055    0.508030028
    9.542499619    0.508041913    0.508023559
    9.671452317    0.508037578    0.508015841
    9.800405015    0.508032629    0.508006660
    9.929357712    0.508026821    0.507995703
   10.058310410    0.508019421    0.507982675
   10.187263107    0.508011400    0.507967131
   10.316215805    0.508000656    0.507948655
   10.445168502    0.507989345    0.507926622
   10.574121200    0.507974005    0.507900438
   10.703073897    0.507957872    0.507869250
   10.832026595    0.507936177    0.507832214
   10.960979293    0.507913057    0.507788165
   11.089931990    0.507882535    0.507735908
   11.218884688    0.507849378    0.507673851
   11.347837385    0.507806534    0.507600314
   11.476790083    0.507759058    0.507513135
   11.605742780    0.507698977    0.507409960
   11.734695478    0.507631219    0.507287856
   11.863648175    0.507547042    0.507143562
   11.992600873    0.507450734    0.506973089
   12.121553571    0.507332906    0.506771920
   12.250506268    0.507196621    0.506534639
   12.379458966    0.507031923    0.506255021
   12.508411663    0.506839989    0.505925693
   12.637364361    0.506610273    0.505538089
   12.766317058    0.506341284    0.505082151
   12.895269756    0.506021690    0.504546103
   13.024222454    0.505646412    0.503916174
   13.153175151    0.505203004    0.503176137
   13.282127849    0.504681889    0.502307027
   13.411080546    0.504068458    0.501286389
   13.540033244    0.503347117    0.500087939
   13.668985941    0.502500421    0.498680420
   13.797938639    0.501504955    0.497027111
   13.926891336    0.500338515    0.495084152
   14.055844034    0.498967637    0.492799748
   14.184796732    0.497362820    0.490111854
   14.313749429    0.495477426    0.486946953
   14.442702127    0.493270695    0.483216992
   14.571654824    0.490678107    0.478817539
   14.700607522    0.487641706    0.473623656
   14.829560219    0.484072364    0.467486935
   14.958512917    0.479886373    0.460229640
   15.087465614    0.474959981    0.451639661
   15.216418312    0.469170512    0.441461799
   15.345371010    0.462343870    0.429392054
   15.474323707    0.454298701    0.415073529
   15.603276405    0.444788702    0.398098346
   15.732229102    0.433548570    0.378006937
   15.861181800    0.420232581    0.354297270
   15.990134497    0.404458987    0.326421890
   16.119087195    0.385743704    0.293756302
   16.248039893    0.363537296    0.255567021
   16.376992590    0.337150690    0.211009195
   16.505945288    0.305777590    0.159196101
   16.634897985    0.268409604    0.099291966
   16.763850683    0.223900807    0.030747164
   16.892803380    0.171012445   -0.046451381
   17.021756078    0.108538437   -0.131647814
   17.150708775    0.035260405   -0.223452038
   17.279661473   -0.049844911   -0.319852078
   17.408614171   -0.147863046   -0.418404694
   17.537566868   -0.260630432   -0.516418453
   17.666519566   -0.390711750   -0.611172192
   17.795472263   -0.540757630   -0.700138453
   17.924424961   -0.711814797   -0.781165117
   18.053377658   -0.902835124   -0.852658988
   18.182330356   -1.107359922   -0.913700286
   18.311283053   -1.313222659   -0.963985628
   18.440235751   -1.505219262   -1.003706519
   18.569188449   -1.666708463   -1.033325130
   18.698141146   -1.783652353   -1.053338346
   18.827093844   -1.846477586   -1.064196665
   18.956046541   -1.849857460   -1.066235283
   19.084999239   -1.793592293   -1.059641513
   19.213951936   -1.682686719   -1.044456892
   19.342904634   -1.526462571   -1.020608137
   19.471857332   -1.338581437   -0.987985167
   19.600810029   -1.135540251   -0.946525469
   19.729762727   -0.932662067   -0.896449091
   19.858715424   -0.742568055   -0.838501031
   19.987668122   -0.572689602   -0.774080319
   20.116620819   -0.425043565   -0.705301353
   20.245573517   -0.299586258   -0.634875712
   20.374526214   -0.194751244   -0.565943756
   20.503478912   -0.108973726   -0.501926400
   20.632431610   -0.041465466   -0.446331730
   20.761384307    0.007763738   -0.402493250
   20.890337005    0.038513516   -0.373312264
   21.019289702    0.050737914   -0.360922178
   21.148242400    0.044396783   -0.366296876
   21.277195097    0.019582723   -0.389136955
   21.406147795   -0.023542894   -0.427889016
   21.535100492   -0.084792245   -0.479999438
   21.664053190   -0.163862604   -0.542327036
   21.793005888   -0.261042596   -0.611416812
   21.921958585   -0.377458287   -0.683766748
   22.050911283   -0.514914876   -0.756058656
   22.179863980   -0.674401687   -0.825325427
   22.308816678   -0.855299878   -0.889100107
   22.437769375   -1.053609472   -0.945586058
   22.566722073   -1.259158306   -0.993691354
   22.695674771   -1.457983867   -1.032933323
   22.824627468   -1.633865464   -1.063278882
   22.953580166   -1.771229311   -1.084881859
   23.082532863   -1.858578312   -1.097935352
   23.211485561   -1.888651124   -1.102609260
   23.340438258   -1.858799772   -1.098986417
   23.469390956   -1.771687591   -1.087058434
   23.598343653   -1.634601208   -1.066729713
   23.727296351   -1.459053911   -1.037882326
   23.856249049   -1.260663344   -1.000437427
   23.985201746   -1.055683901   -0.954502823
   24.114154444   -0.858168505   -0.900633214
   24.243107141   -0.678365131   -0.839994866
   24.372059839   -0.520411373   -0.774458570
   24.501012536   -0.385022578   -0.706574973
   24.629965234   -0.271362497   -0.639426501
   24.758917931   -0.177717195   -0.576480333
   24.887870629   -0.103114678   -0.521368860
   25.016823327   -0.047354301   -0.477586319
   25.145776024   -0.010911768   -0.448185791
   25.274728722    0.005932783   -0.435347357
   25.403681419    0.002886435   -0.439987742
   25.532634117   -0.020157312   -0.461621968
   25.661586814   -0.063301870   -0.498433085
   25.790539512   -0.126530642   -0.547590099
   25.919492209   -0.209906582   -0.605707365
   26.048444907   -0.314163462   -0.669194935
   26.177397605   -0.440889265   -0.734559058
   26.306350302   -0.591235877   -0.798654230
   26.435303000   -0.764689161   -0.858829072
   26.564255697   -0.958389067   -0.913073286
   26.693208395   -1.163769929   -0.960058742
   26.822161092   -1.367392200   -0.999075132
   26.951113790   -1.553271090   -1.029883666
   27.080066488   -1.704824184   -1.052472845
   27.209019185   -1.808976464   -1.066858978
   27.337971883   -1.857108498   -1.072991798
   27.466924580   -1.845236683   -1.070698791
   27.595877278   -1.774737325   -1.059671368
   27.724829975   -1.651906157   -1.039457749
   27.853782673   -1.487136046   -1.009512834
   27.982735370   -1.294971201   -0.969283810
   28.111688068   -1.091577271   -0.918300266
   28.240640766   -0.891444188   -0.856417761
   28.369593463   -0.705709834   -0.784027513
   28.498546161   -0.539708439   -0.702167197
   28.627498858   -0.394182922   -0.612551366
   28.756451556   -0.267585516   -0.517426461
   28.885404253   -0.157167414   -0.419383291
   29.014356951   -0.060532731   -0.321160863
   29.143309648    0.024023979   -0.225417219
   29.272262346    0.097497161   -0.134519203
   29.401215044    0.160578397   -0.050366908
   29.530167741    0.214232436    0.025784207
   29.659120439    0.259527686    0.093391958
   29.788073136    0.297583498    0.152552703
   29.917025834    0.329516198    0.203854240
   30.045978531    0.356339921    0.248122219
   30.174931229    0.378896355    0.286219544
   30.303883927    0.397884405    0.318946006
   30.432836624    0.413879171    0.346985330
   30.561789322    0.427366474    0.370920085
   30.690742019    0.438748221    0.391261086
   30.819694717    0.448366727    0.408478119
   30.948647414    0.456504438    0.423012562
   31.077600112    0.463401018    0.435265498
   31.206552809    0.469252931    0.445592700
   31.335505507    0.474225534    0.454302540
   31.464458205    0.478455070    0.461655626
   31.593410902    0.482055551    0.467869454
   31.722363600    0.485123106    0.473125433
   31.851316297    0.487737042    0.477575351
   31.980268995    0.489966625    0.481346328
   32.109221692    0.491867003    0.484544962
   32.238174390    0.493488939    0.487260577
   32.367127087    0.494870580    0.489568095
   32.496079785    0.496049958    0.491530274
   32.625032483    0.497053336    0.493199827
   32.753985180    0.497909816    0.494620995
   32.882937878    0.498637178    0.495831113
   33.011890575    0.499257959    0.496861640
   33.140843273    0.499783871    0.497739280
   33.269795970    0.500232527    0.498486607
   33.398748668    0.500611629    0.499122868
   33.527701366    0.500935062    0.499664364
   33.656654063    0.501207381    0.500125054
   33.785606761    0.501439628    0.500516770
   33.914559458    0.501634564    0.500849687
   34.043512156    0.501800726    0.501132430
   34.172464853    0.501939811    0.501372433
   34.301417551    0.502058226    0.501575988
   34.430370248    0.502157204    0.501748528
   34.559322946    0.502241274    0.501894648
   34.688275644    0.502311611    0.502018316
   34.817228341    0.502371059    0.502122893
   34.946181039    0.502421027    0.502211264
   35.075133736    0.502462866    0.502285877
   35.204086434    0.502498406    0.502348832
   35.333039131    0.502527688    0.502401915
   35.461991829    0.502553049    0.502446637
   35.590944526    0.502573400    0.502484304
   35.719897224    0.502591587    0.502515994
   35.848849922    0.502605592    0.502542662
   35.977802619    0.502618722    0.502565068
   36.106755317    0.502628234    0.502583915
   36.235708014    0.502637795    0.502599738
   36.364660712    0.502644150    0.502613049
   36.493613409    0.502651178    0.502624214
   36.622566107    0.502655332    0.502633610
   36.751518805    0.502660541    0.502641483
   36.880471502    0.502663181    0.502648115
   37.009424200    0.502667062    0.502653667
   37.138376897    0.502668689    0.502658350
   37.267329595    0.502671580    0.502662267
   37.396282292    0.502672551    0.502665578
   37.525234990    0.502674734    0.502668347
   37.654187687    0.502675557    0.502670693
   37.783140385    0.502677212    0.502672657
   37.912093083    0.502677822    0.502674326
   38.041045780    0.502678967    0.502675727
   38.169998478    0.502679497    0.502676921
   38.298951175    0.502680212    0.502677929
   38.427903873    0.502680750    0.502678791
   38.556856570    0.502681097    0.502679527
   38.685809268    0.502681696    0.502680158
   38.814761965    0.502681729    0.502680705
   38.943714663    0.502682419    0.502681175
   39.072667361    0.502682188    0.502681591
   39.201620058    0.502682974    0.502681938
   39.330572756    0.502682530    0.502682249
   39.459525453    0.502683402    0.502682506
   39.588478151    0.502682794    0.502682743
   39.717430848    0.502683730    0.502682933
   39.846383546    0.502683011    0.502683117
   39.975336243    0.502683978    0.502683261
   40.104288941    0.502683200    0.502683406
   40.233241639    0.502684160    0.502683516
   40.362194336    0.502683375    0.502683633
   40.491147034    0.502684289    0.502683719
   40.620099731    0.502683544    0.502683814
   40.749052429    0.502684373    0.502683883
   40.878005126    0.502683714    0.502683963
   41.006957824    0.502684420    0.502684020
   41.135910522    0.502683885    0.502684086
   41.264863219    0.502684438    0.502684134
   41.393815917    0.502684058    0.502684190
   41.522768614    0.502684433    0.502684233
   41.651721312    0.502684230    0.502684280
   41.780674009    0.502684412    0.502684320
   41.909626707    0.502684400    0.502684359
   42.038579404    0.502684382    0.502684396
   42.167532102    0.502684562    0.502684429
   42.296484800    0.502684348    0.502684464
   42.425437497    0.502684714    0.502684491
   42.554390195    0.502684317    0.502684526
   42.683342892    0.502684850    0.502684548
   42.812295590    0.502684293    0.502684581
   42.941248287    0.502684969    0.502684599
   43.070200985    0.502684280    0.502684631
   43.199153682    0.502685065    0.502684646
   43.328106380    0.502684283    0.502684677
   43.457059078    0.502685137    0.502684688
   43.586011775    0.502684302    0.502684718
   43.714964473    0.502685184    0.502684727
   43.843917170    0.502684341    0.502684754
   43.972869868    0.502685205    0.502684762
   44.101822565    0.502684397    0.502684787
   44.230775263    0.502685201    0.502684794
   44.359727961    0.502684471    0.502684816
   44.488680658    0.502685174    0.502684822
   44.617633356    0.502684561    0.502700438
   44.746586053    0.502685126    0.502742035
   44.875538751    0.502684663    0.502809635
   45.004491448    0.502685062    0.502903221
   45.133444146    0.502684772    0.503022806
   45.262396843    0.502684984    0.503168380
   45.391349541    0.502684886    0.503339950
   45.520302239    0.502684900    0.503537513
   45.649254936    0.502684999    0.503761067
   45.778207634    0.502684812    0.503995023
   45.907160331    0.502685105    0.504228971
   46.036113029    0.503043447    0.504462927
   46.165065726    0.503641786    0.504696872
   46.294018424    0.504239101    0.504930828
