    0.000000000    0.512580927    0.512119464
    0.129297352    0.511738561    0.511790027
    0.258594704    0.510897108    0.511460577
    0.387892056    0.510054739    0.511131139
    0.517189408    0.509213277    0.510801687
    0.646486760    0.508370925    0.510472248
    0.775784113    0.508034580    0.510142796
    0.905081465    0.508034176    0.509813355
    1.034378817    0.508034547    0.509483902
    1.163676169    0.508034198    0.509176422
    1.292973521    0.508034503    0.508905537
    1.422270873    0.508034226    0.508671264
    1.551568225    0.508034450    0.508473589
    1.680865577    0.508034257    0.508312523
    1.810162929    0.508034390    0.508188057
    1.939460281    0.508034289    0.508100199
    2.068757633    0.508034325    0.508048943
    2.198054985    0.508034320    0.508034291
    2.327352338    0.508034257    0.508034282
    2.456649690    0.508034348    0.508034270
    2.585947042    0.508034188    0.508034261
    2.715244394    0.508034371    0.508034246
    2.844541746    0.508034120    0.508034237
    2.973839098    0.508034386    0.508034219
    3.103136450    0.508034056    0.508034210
    3.232433802    0.508034392    0.508034190
    3.361731154    0.508033996    0.508034180
    3.491028506    0.508034387    0.508034157
    3.620325858    0.508033942    0.508034146
    3.749623211    0.508034370    0.508034121
    3.878920563    0.508033895    0.508034109
    4.008217915    0.508034339    0.508034082
    4.137515267    0.508033854    0.508034067
    4.266812619    0.508034294    0.508034038
    4.396109971    0.508033821    0.508034020
    4.525407323    0.508034234    0.508033989
    4.654704675    0.508033793    0.508033968
    4.784002027    0.508034160    0.508033934
    4.913299379    0.508033769    0.508033908
    5.042596731    0.508034072    0.508033871
    5.171894083    0.508033748    0.508033839
    5.301191436    0.508033969    0.508033798
    5.430488788    0.508033725    0.508033758
    5.559786140    0.508033852    0.508033711
    5.689083492    0.508033697    0.508033662
    5.818380844    0.508033721    0.508033607
    5.947678196    0.508033660    0.508033546
    6.076975548    0.508033573    0.508033479
    6.206272900    0.508033606    0.508033401
    6.335570252    0.508033406    0.508033318
    6.464867604    0.508033527    0.508033217
    6.594164956    0.508033216    0.508033111
    6.723462309    0.508033414    0.508032979
    6.852759661    0.508032995    0.508032840
    6.982057013    0.508033253    0.508032666
    7.111354365    0.508032730    0.508032479
    7.240651717    0.508033024    0.508032247
    7.369949069    0.508032404    0.508031992
    7.499246421    0.508032704    0.508031677
    7.628543773    0.508031989    0.508031323
    7.757841125    0.508032256    0.508030888
    7.887138477    0.508031447    0.508030393
    8.016435829    0.508031633    0.508029791
    8.145733181    0.508030720    0.508029096
    8.275030534    0.508030766    0.508028255
    8.404327886    0.508029727    0.508027276
    8.533625238    0.508029557    0.508026099
    8.662922590    0.508028350    0.508024716
    8.792219942    0.508027867    0.508023058
    8.921517294    0.508026405    0.508021097
    9.050814646    0.508025435    0.508018753
    9.180111998    0.508023605    0.508015968
    9.309409350    0.508022020    0.508012642
    9.438706702    0.508019665    0.508008677
    9.568004054    0.508017229    0.508003943
    9.697301406    0.508014093    0.507998289
    9.826598759    0.508010474    0.507991538
    9.955896111    0.508006178    0.507983464
   10.085193463    0.508000908    0.507973821
   10.214490815    0.507994899    0.507962283
   10.343788167    0.507987311    0.507948499
   10.473085519    0.507978789    0.507932001
   10.602382871    0.507967932    0.507912293
   10.731680223    0.507955747    0.507888709
   10.860977575    0.507940257    0.507860539
   10.990274927    0.507922752    0.507826845
   11.119572279    0.507900676    0.507786612
   11.248869632    0.507875487    0.507738531
   11.378166984    0.507844032    0.507681155
   11.507464336    0.507807782    0.507612658
   11.636761688    0.507762957    0.507530995
   11.766059040    0.507710834    0.507433627
   11.895356392    0.507646957    0.507317669
   12.024653744    0.507572152    0.507179593
   12.153951096    0.507481185    0.507015357
   12.283248448    0.507374096    0.506820069
   12.412545800    0.507244715    0.506588070
   12.541843152    0.507091874    0.506312573
   12.671140504    0.506908212    0.505985667
   12.800437857    0.506690823    0.505597921
   12.929735209    0.506430760    0.505138275
   13.059032561    0.506122668    0.504593593
   13.188329913    0.505755420    0.503948390
   13.317627265    0.505320271    0.503184288
   13.446924617    0.504803060    0.502279516
   13.576221969    0.504190501    0.501208207
   13.705519321    0.503464119    0.499939565
   13.834816673    0.502604277    0.498436908
   13.964114025    0.501586322    0.496656336
   14.093411377    0.500381846    0.494545343
   14.222708730    0.498957318    0.492040776
   14.352006082    0.497272185    0.489066830
   14.481303434    0.495280084    0.485532105
   14.610600786    0.492923283    0.481326793
   14.739898138    0.490136493    0.476318533
   14.869195490    0.486837205    0.470348331
   14.998492842    0.482932043    0.463224458
   15.127790194    0.478302428    0.454716021
   15.257087546    0.472812985    0.444544601
   15.386384898    0.466291560    0.432379867
   15.515682250    0.458539029    0.417837707
   15.644979602    0.449303170    0.400486544
   15.774276955    0.438290071    0.379863453
   15.903574307    0.425132081    0.355506041
   16.032871659    0.409400482    0.326994702
   16.162169011    0.390565446    0.293994178
   16.291466363    0.368005627    0.256256857
   16.420763715    0.340953975    0.213657684
   16.550061067    0.308496451    0.166202593
   16.679358419    0.269521469    0.113998348
   16.808655771    0.222815394    0.057329565
   16.937953123    0.167116630   -0.003282370
   17.067250475    0.101305112   -0.067088678
   17.196547828    0.024626209   -0.133168349
   17.325845180   -0.062948288   -0.200492417
   17.455142532   -0.160480703   -0.267965842
   17.584439884   -0.266088771   -0.334456363
   17.713737236   -0.377821888   -0.398820324
   17.843034588   -0.492943784   -0.459929803
   17.972331940   -0.608535053   -0.516705912
   18.101629292   -0.722395196   -0.568170772
   18.230926644   -0.830569030   -0.613502959
   18.360223996   -0.927782948   -0.652061201
   18.489521348   -1.009006046   -0.683354824
   18.618818700   -1.070529279   -0.706970319
   18.748116053   -1.110163489   -0.722597573
   18.877413405   -1.126756698   -0.730089352
   19.006710757   -1.119881496   -0.729464295
   19.136008109   -1.089805641   -0.720949238
   19.265305461   -1.037512403   -0.704953853
   19.394602813   -0.964896539   -0.682063667
   19.523900165   -0.875195316   -0.653015580
   19.653197517   -0.773118846   -0.618650972
   19.782494869   -0.664024160   -0.579982471
   19.911792221   -0.552636697   -0.538249087
   20.041089573   -0.441851265   -0.494897381
   20.170386926   -0.334800642   -0.451510607
   20.299684278   -0.235259213   -0.409713180
   20.428981630   -0.146104375   -0.371086667
   20.558278982   -0.070242466   -0.337105621
   20.687576334   -0.009928033   -0.309110860
   20.816873686    0.033530489   -0.288243803
   20.946171038    0.059570957   -0.275420829
   21.075468390    0.067990768   -0.271301968
   21.204765742    0.058806515   -0.276149851
   21.334063094    0.032084872   -0.289762661
   21.463360446   -0.011916811   -0.311522395
   21.592657798   -0.072633469   -0.340537329
   21.721955151   -0.148822667   -0.375694111
   21.851252503   -0.238346904   -0.415672511
   21.980549855   -0.338317439   -0.459013197
   22.109847207   -0.445926136   -0.504144872
   22.239144559   -0.557570096   -0.549440785
   22.368441911   -0.669968125   -0.593301414
   22.497739263   -0.780461525   -0.634247464
   22.627036615   -0.884620153   -0.670998111
   22.756333967   -0.977118782   -0.702502413
   22.885631319   -1.053110585   -0.727906372
   23.014928671   -1.109194755   -0.746487054
   23.144226024   -1.143406610   -0.757695718
   23.273523376   -1.154762433   -0.761200706
   23.402820728   -1.142940148   -0.756891409
   23.532118080   -1.108270979   -0.744911685
   23.661415432   -1.051734048   -0.725622369
   23.790712784   -0.975263959   -0.699593695
   23.920010136   -0.882188212   -0.667560681
   24.049307488   -0.777274092   -0.630379628
   24.178604840   -0.665792446   -0.589092091
   24.307902192   -0.552206170   -0.544950552
   24.437199544   -0.439272516   -0.499380724
   24.566496896   -0.330432736   -0.453901994
   24.695794249   -0.229437389   -0.410050240
   24.825091601   -0.139233081   -0.369309986
   24.954388953   -0.062783784   -0.333039939
   25.083686305   -0.002271864   -0.302478678
   25.212983657    0.041089412   -0.278710937
   25.342281009    0.066791182   -0.262560068
   25.471578361    0.074702713   -0.254498925
   25.600875713    0.064993194   -0.254607765
   25.730173065    0.038136619   -0.262616892
   25.859470417   -0.005004542   -0.277986033
   25.988767769   -0.063183969   -0.300012612
   26.118065121   -0.134816270   -0.327808412
   26.247362474   -0.217736592   -0.360272964
   26.376659826   -0.308729076   -0.396145173
   26.505957178   -0.405361979   -0.434044807
   26.635254530   -0.505075994   -0.472573612
   26.764551882   -0.603793972   -0.510407610
   26.893849234   -0.696781916   -0.546332689
   27.023146586   -0.779777420   -0.579211676
   27.152443938   -0.850002374   -0.607994113
   27.281741290   -0.905696395   -0.631777567
   27.411038642   -0.945883835   -0.649797515
   27.540335994   -0.969736154   -0.661429588
   27.669633347   -0.976122081   -0.666202070
   27.798930699   -0.964293874   -0.663804244
   27.928228051   -0.934475376   -0.654108830
   28.057525403   -0.888434377   -0.637093291
   28.186822755   -0.829092550   -0.612826691
   28.316120107   -0.759485632   -0.581550281
   28.445417459   -0.681513988   -0.543720831
   28.574714811   -0.597002844   -0.500010834
   28.704012163   -0.508882823   -0.451238503
   28.833309515   -0.419463345   -0.398302804
   28.962606867   -0.330721646   -0.342135734
   29.091904219   -0.244583377   -0.283685398
   29.221201572   -0.162586588   -0.223922734
   29.350498924   -0.085734540   -0.163819306
   29.479796276   -0.014004593   -0.104306125
   29.609093628    0.053055798   -0.046210125
   29.738390980    0.115563467    0.009790355
   29.867688332    0.173295432    0.063167195
   29.996985684    0.225552512    0.113489121
   30.126283036    0.271761236    0.160416362
   30.255580388    0.311824687    0.203745887
   30.384877740    0.345958767    0.243383203
   30.514175092    0.374621586    0.279325938
   30.643472445    0.398419191    0.311660976
   30.772769797    0.418084968    0.340546186
   30.902067149    0.434327790    0.366186880
   31.031364501    0.447773616    0.388790176
   31.160661853    0.458918501    0.408546182
   31.289959205    0.468181678    0.425641850
   31.419256557    0.475890312    0.440275701
   31.548553909    0.482323707    0.452678000
   31.677851261    0.487696237    0.463105268
   31.807148613    0.492194929    0.471819191
   31.936445965    0.495961268    0.479072992
   32.065743317    0.499122484    0.485100666
   32.195040670    0.501773248    0.490110492
   32.324338022    0.504001430    0.494279384
   32.453635374    0.505871203    0.497753852
   32.582932726    0.507443947    0.500653598
   32.712230078    0.508763811    0.503077010
   32.841527430    0.509874005    0.505104584
   32.970824782    0.510805400    0.506802723
   33.100122134    0.511588390    0.508225972
   33.229419486    0.512244932    0.509419602
   33.358716838    0.512796173    0.510421001
   33.488014190    0.513258091    0.511261391
   33.617311543    0.513645186    0.511966685
   33.746608895    0.513969496    0.512558620
   33.875906247    0.514240551    0.513055318
   34.005203599    0.514467771    0.513472022
   34.134500951    0.514656983    0.513821494
   34.263798303    0.514815870    0.514114472
   34.393095655    0.514947508    0.514359987
   34.522393007    0.515058440    0.514565618
   34.651690359    0.515149724    0.514737772
   34.780987711    0.515227122    0.514881800
   34.910285063    0.515290233    0.515002259
   35.039582415    0.515344247    0.515102923
   35.168879768    0.515387752    0.515187037
   35.298177120    0.515425482    0.515257250
   35.427474472    0.515455392    0.515315874
   35.556771824    0.515481798    0.515364760
   35.686069176    0.515502321    0.515405555
   35.815366528    0.515520847    0.515439543
   35.944663880    0.515534909    0.515467900
   36.073961232    0.515547934    0.515491510
   36.203258584    0.515557568    0.515511210
   36.332555936    0.515566735    0.515527605
   36.461853288    0.515573358    0.515541290
   36.591150641    0.515579805    0.515552678
   36.720447993    0.515584398    0.515562191
   36.849745345    0.515588908    0.515570108
   36.979042697    0.515592145    0.515576728
   37.108340049    0.515595263    0.515582241
   37.237637401    0.515597607    0.515586854
   37.366934753    0.515599714    0.515590699
   37.496232105    0.515601472    0.515593920
   37.625529457    0.515602815    0.515596610
   37.754826809    0.515604206    0.515598865
   37.884124161    0.515604998    0.515600754
   38.013421513    0.515606166    0.515602336
   38.142718866    0.515606548    0.515603668
   38.272016218    0.515607581    0.515604781
   38.401313570    0.515607656    0.515605726
   38.530610922    0.515608579    0.515606512
   38.659908274    0.515608427    0.515607186
   38.789205626    0.515609292    0.515607744
   38.918502978    0.515608992    0.515608228
   39.047800330    0.515609807    0.515608625
   39.177097682    0.515609416    0.515608977
   39.306395034    0.515610179    0.515609261
   39.435692386    0.515609745    0.515609520
   39.564989739    0.515610446    0.515609726
   39.694287091    0.515610009    0.515609918
   39.823584443    0.515610636    0.515610068
   39.952881795    0.515610231    0.515610213
   40.082179147    0.515610768    0.515610325
   40.211476499    0.515610422    0.515610436
   40.340773851    0.515610858    0.515610522
   40.470071203    0.515610594    0.515610609
   40.599368555    0.515610917    0.515610676
   40.728665907    0.515610749    0.515610746
   40.857963259    0.515610954    0.515610800
   40.987260611    0.515610893    0.515610856
   41.116557964    0.515610975    0.515610902
   41.245855316    0.515611024    0.515610947
   41.375152668    0.515610988    0.515610987
   41.504450020    0.515611145    0.515611024
   41.633747372    0.515610996    0.515611060
   41.763044724    0.515611254    0.515611090
   41.892342076    0.515611003    0.515611123
   42.021639428    0.515611350    0.515611148
   42.150936780    0.515611013    0.515611179
   42.280234132    0.515611433    0.515611199
   42.409531484    0.515611028    0.515611228
   42.538828837    0.515611501    0.515611245
   42.668126189    0.515611050    0.515611273
   42.797423541    0.515611555    0.515611287
   42.926720893    0.515611080    0.515611313
   43.056018245    0.515611594    0.515611325
   43.185315597    0.515611118    0.515611350
   43.314612949    0.515611618    0.515611359
   43.443910301    0.515611164    0.515611382
   43.573207653    0.515611629    0.515611391
   43.702505005    0.515611218    0.515611412
   43.831802357    0.515611627    0.515611420
   43.961099709    0.515611278    0.515611438
   44.090397062    0.515611614    0.515611446
   44.219694414    0.515611343    0.515611462
   44.348991766    0.515611593    0.515611469
   44.478289118    0.515611412    0.515611483
   44.607586470    0.515611564    0.515611491
   44.736883822    0.515611481    0.515589539
   44.866181174    0.515611531    0.515530979
   44.995478526    0.515611548    0.515435814
   45.124775878    0.515611496    0.515304045
   45.254073230    0.515611612    0.515135668
   45.383370582    0.515611460    0.514930689
   45.512667934    0.515611670    0.514689101
   45.641965287    0.515611427    0.514410912
   45.771262639    0.515611720    0.514096111
   45.900559991    0.515611398    0.513766676
   46.029857343    0.515611760    0.513437231
   46.159154695    0.515106229    0.513107795
   46.288452047    0.514264732    0.512778348
   46.417749399    0.513422391    0.512448912
