    0.000000000    0.410576546    0.411116945
    0.127535057    0.411562991    0.411503391
    0.255070113    0.412551594    0.411889843
    0.382605170    0.413538330    0.412276287
    0.510140226    0.414526599    0.412662735
    0.637675283    0.415513695    0.413049178
    0.765210340    0.415909020    0.413435622
    0.892745396    0.415908923    0.413822064
    1.020280453    0.415908800    0.414208504
    1.147815509    0.415909108    0.414569182
    1.275350566    0.415908584    0.414886916
    1.402885623    0.415909271    0.415161715
    1.530420679    0.415908388    0.415393568
    1.657955736    0.415909397    0.415582488
    1.785490793    0.415908227    0.415728459
    1.913025849    0.415909472    0.415831500
    2.040560906    0.415908110    0.415891590
    2.168095962    0.415909488    0.415908750
    2.295631019    0.415908045    0.415908723
    2.423166076    0.415909440    0.415908704
    2.550701132    0.415908032    0.415908673
    2.678236189    0.415909328    0.415908651
    2.805771245    0.415908069    0.415908617
    2.933306302    0.415909157    0.415908591
    3.060841359    0.415908147    0.415908553
    3.188376415    0.415908935    0.415908521
    3.315911472    0.415908256    0.415908480
    3.443446528    0.415908674    0.415908441
    3.570981585    0.415908379    0.415908395
    3.698516642    0.415908388    0.415908349
    3.826051698    0.415908500    0.415908298
    3.953586755    0.415908092    0.415908243
    4.081121812    0.415908599    0.415908185
    4.208656868    0.415907800    0.415908119
    4.336191925    0.415908659    0.415908051
    4.463726981    0.415907525    0.415907972
    4.591262038    0.415908660    0.415907892
    4.718797095    0.415907275    0.415907797
    4.846332151    0.415908589    0.415907700
    4.973867208    0.415907054    0.415907584
    5.101402264    0.415908432    0.415907466
    5.228937321    0.415906861    0.415907324
    5.356472378    0.415908177    0.415907177
    5.484007434    0.415906685    0.415907000
    5.611542491    0.415907817    0.415906814
    5.739077547    0.415906509    0.415906592
    5.866612604    0.415907342    0.415906354
    5.994147661    0.415906306    0.415906072
    6.121682717    0.415906744    0.415905764
    6.249217774    0.415906039    0.415905403
    6.376752830    0.415906008    0.415905000
    6.504287887    0.415905661    0.415904533
    6.631822944    0.415905116    0.415904004
    6.759358000    0.415905112    0.415903392
    6.886893057    0.415904032    0.415902693
    7.014428114    0.415904314    0.415901886
    7.141963170    0.415902705    0.415900958
    7.269498227    0.415903171    0.415899888
    7.397033283    0.415901058    0.415898650
    7.524568340    0.415901562    0.415897227
    7.652103397    0.415898978    0.415895581
    7.779638453    0.415899329    0.415893689
    7.907173510    0.415896298    0.415891492
    8.034708566    0.415896264    0.415888959
    8.162243623    0.415892791    0.415886009
    8.289778680    0.415892097    0.415882597
    8.417313736    0.415888140    0.415878618
    8.544848793    0.415886462    0.415874005
    8.672383849    0.415881905    0.415868621
    8.799918906    0.415878865    0.415862368
    8.927453963    0.415873562    0.415855067
    9.054989019    0.415868891    0.415846574
    9.182524076    0.415862523    0.415836656
    9.310059133    0.415855489    0.415825106
    9.437594189    0.415847388    0.415811619
    9.565129246    0.415837270    0.415795898
    9.692664302    0.415826632    0.415777544
    9.820199359    0.415812516    0.415756139
    9.947734416    0.415798215    0.415731153
   10.075269472    0.415778884    0.415702008
   10.202804529    0.415759348    0.415668001
   10.330339585    0.415733139    0.415628335
   10.457874642    0.415706218    0.415582070
   10.585409699    0.415670871    0.415528118
   10.712944755    0.415633665    0.415465227
   10.840479812    0.415586093    0.415391933
   10.968014868    0.415534692    0.415306571
   11.095549925    0.415470646    0.415207178
   11.223084982    0.415399782    0.415091542
   11.350620038    0.415313472    0.414957050
   11.478155095    0.415216127    0.414800768
   11.605690152    0.415099729    0.414619244
   11.733225208    0.414966550    0.414408611
   11.860760265    0.414809479    0.414164316
   11.988295321    0.414627983    0.413881253
   12.115830378    0.414416034    0.413553436
   12.243365435    0.414169721    0.413174127
   12.370900491    0.413884063    0.412735463
   12.498435548    0.413551241    0.412228561
   12.625970604    0.413167006    0.411643093
   12.753505661    0.412719188    0.410967344
   12.881040718    0.412203731    0.410187724
   13.008575774    0.411603844    0.409288748
   13.136110831    0.410914772    0.408252487
   13.263645887    0.410114360    0.407058428
   13.391180944    0.409195760    0.405682857
   13.518716001    0.408131079    0.404098531
   13.646251057    0.406909570    0.402273974
   13.773786114    0.405496813    0.400172912
   13.901321170    0.403875946    0.397753522
   14.028856227    0.402004878    0.394967660
   14.156391284    0.399857560    0.391760112
   14.283926340    0.397382227    0.388067566
   14.411461397    0.394539681    0.383817805
   14.538996454    0.391265720    0.378928218
   14.666531510    0.387503183    0.373304784
   14.794066567    0.383171347    0.366839964
   14.921601623    0.378188501    0.359411353
   15.049136680    0.372451217    0.350878755
   15.176671737    0.365845286    0.341082180
   15.304206793    0.358238105    0.329837395
   15.431741850    0.349476398    0.316932127
   15.559276906    0.339393411    0.302118383
   15.686811963    0.327790630    0.285104408
   15.814347020    0.314459223    0.265540195
   15.941882076    0.299143338    0.242999595
   16.069417133    0.281575795    0.216951623
   16.196952189    0.261423501    0.186735737
   16.324487246    0.238337718    0.151561071
   16.452022303    0.211881323    0.110562527
   16.579557359    0.181588328    0.062903329
   16.707092416    0.146866760    0.007931183
   16.834627473    0.107054785   -0.054697645
   16.962162529    0.061288780   -0.124878764
   17.089697586    0.008536134   -0.201839658
   17.217232642   -0.052594670   -0.284102651
   17.344767699   -0.123894119   -0.369611917
   17.472302756   -0.207837652   -0.455967800
   17.599837812   -0.307462190   -0.540657243
   17.727372869   -0.425845973   -0.621200722
   17.854907925   -0.564778004   -0.695348258
   17.982442982   -0.723710339   -0.761325727
   18.109978039   -0.898514075   -0.817999539
   18.237513095   -1.082224929   -0.864916609
   18.365048152   -1.264689345   -0.902138535
   18.492583208   -1.430707147   -0.930057833
   18.620118265   -1.564258214   -0.949291138
   18.747653322   -1.652253898   -0.960505359
   18.875188378   -1.687041980   -0.964282559
   19.002723435   -1.666281392   -0.961013811
   19.130258491   -1.591076509   -0.950859724
   19.257793548   -1.467055602   -0.933765159
   19.385328605   -1.305600480   -0.909547286
   19.512863661   -1.121909342   -0.878017337
   19.640398718   -0.932225852   -0.839157271
   19.767933775   -0.749049507   -0.793256604
   19.895468831   -0.580855066   -0.741071349
   20.023003888   -0.433829883   -0.684063344
   20.150538944   -0.310521761   -0.624466936
   20.278074001   -0.210769713   -0.565183161
   20.405609058   -0.132656448   -0.509536205
   20.533144114   -0.073918198   -0.460977126
   20.660679171   -0.032670965   -0.422823792
   20.788214227   -0.007766938   -0.397907751
   20.915749284    0.001478501   -0.388214549
   21.043284341   -0.004732568   -0.394565334
   21.170819397   -0.026509589   -0.416376128
   21.298354454   -0.064428484   -0.451832144
   21.425889510   -0.119523017   -0.498205661
   21.553424567   -0.193540844   -0.552200569
   21.680959624   -0.288727067   -0.610329501
   21.808494680   -0.407161983   -0.669194027
   21.936029737   -0.549422579   -0.725780616
   22.063564794   -0.713549829   -0.777721303
   22.191099850   -0.893986654   -0.823421949
   22.318634907   -1.082656841   -0.862041740
   22.446169963   -1.267977401   -0.893279195
   22.573705020   -1.433874104   -0.917197094
   22.701240077   -1.564537881   -0.934100637
   22.828775133   -1.647445956   -0.944358492
   22.956310190   -1.675712774   -0.948274438
   23.083845246   -1.647487190   -0.945988644
   23.211380303   -1.564653813   -0.937451723
   23.338915360   -1.434147988   -0.922451522
   23.466450416   -1.268553998   -0.900713793
   23.593985473   -1.083785827   -0.872031358
   23.721520529   -0.896022136   -0.836447872
   23.849055586   -0.716982954   -0.794383359
   23.976590643   -0.554844262   -0.746821340
   24.104125699   -0.415291075   -0.695532061
   24.231660756   -0.300359136   -0.643081957
   24.359195812   -0.209589773   -0.592638412
   24.486730869   -0.140967584   -0.547630324
   24.614265926   -0.092377892   -0.511356456
   24.741800982   -0.062157360   -0.486742086
   24.869336039   -0.049454803   -0.476020870
   24.996871096   -0.053853831   -0.480218813
   25.124406152   -0.075566478   -0.498914170
   25.251941209   -0.115173038   -0.530357933
   25.379476265   -0.174050963   -0.571937818
   25.507011322   -0.254220693   -0.620544500
   25.634546379   -0.358185490   -0.672817330
   25.762081435   -0.487244425   -0.725542081
   25.889616492   -0.640526739   -0.775998803
   26.017151548   -0.813188233   -0.822143107
   26.144686605   -0.998523294   -0.862621253
   26.272221662   -1.187560018   -0.896658715
   26.399756718   -1.365106685   -0.923969522
   26.527291775   -1.513779047   -0.944560420
   26.654826831   -1.619228698   -0.958515449
   26.782361888   -1.673320297   -0.965886839
   26.909896945   -1.672797942   -0.966580029
   27.037432001   -1.617566165   -0.960303833
   27.164967058   -1.513028418   -0.946542327
   27.292502115   -1.370094367   -0.924627889
   27.420037171   -1.202286592   -0.893853810
   27.547572228   -1.023375252   -0.853669550
   27.675107284   -0.845018979   -0.803770459
   27.802642341   -0.677603368   -0.744208578
   27.930177398   -0.527444475   -0.675666650
   28.057712454   -0.396532155   -0.599560545
   28.185247511   -0.284714997   -0.517908867
   28.312782567   -0.189994333   -0.433067116
   28.440317624   -0.109868199   -0.347516709
   28.567852681   -0.041670855   -0.263730225
   28.695387737    0.016787670   -0.183933620
   28.822922794    0.067277066   -0.109868247
   28.950457850    0.111049750   -0.042678718
   29.077992907    0.149155802    0.017097406
   29.205527964    0.182363233    0.069436106
   29.333063020    0.211357661    0.114771752
   29.460598077    0.236661375    0.153818192
   29.588133133    0.258759885    0.187381281
   29.715668190    0.278039978    0.216263689
   29.843203247    0.294861425    0.241185537
   29.970738303    0.309522960    0.262760472
   30.098273360    0.322293498    0.281489698
   30.225808417    0.333409231    0.297780755
   30.353343473    0.343072572    0.311966986
   30.480878530    0.351475584    0.324328329
   30.608413586    0.358771132    0.335101216
   30.735948643    0.365116483    0.344489424
   30.863483700    0.370623651    0.352668571
   30.991018756    0.375418895    0.359792142
   31.118553813    0.379580381    0.365993728
   31.246088869    0.383208179    0.371390605
   31.373623926    0.386355308    0.376085242
   31.501158983    0.389101335    0.380167613
   31.628694039    0.391481985    0.383716511
   31.756229096    0.393560377    0.386800981
   31.883764152    0.395360641    0.389481500
   32.011299209    0.396932190    0.391810760
   32.138834266    0.398292017    0.393834815
   32.266369322    0.399478057    0.395593484
   32.393904379    0.400503502    0.397121554
   32.521439436    0.401396361    0.398448943
   32.648974492    0.402168142    0.399601893
   32.776509549    0.402838097    0.400602912
   32.904044605    0.403417486    0.401471857
   33.031579662    0.403918147    0.402225712
   33.159114719    0.404352033    0.402879540
   33.286649775    0.404724527    0.403446187
   33.414184832    0.405048549    0.403937106
   33.541719888    0.405324410    0.404362044
   33.669254945    0.405565864    0.404729726
   33.796790002    0.405769258    0.405047563
   33.924325058    0.405948839    0.405322194
   34.051860115    0.406098228    0.405559257
   34.179395171    0.406231618    0.405763793
   34.306930228    0.406341052    0.405940099
   34.434465285    0.406440001    0.406091992
   34.562000341    0.406520030    0.406222751
   34.689535398    0.406593253    0.406335246
   34.817070455    0.406651772    0.406431979
   34.944605511    0.406705771    0.406515098
   35.072140568    0.406748697    0.406586507
   35.199675624    0.406788313    0.406647798
   35.327210681    0.406820012    0.406700423
   35.454745738    0.406848816    0.406745553
   35.582280794    0.406872466    0.406784292
   35.709815851    0.406893126    0.406817492
   35.837350907    0.406911045    0.406845992
   35.964885964    0.406925586    0.406870403
   36.092421021    0.406939428    0.406891363
   36.219956077    0.406949378    0.406909308
   36.347491134    0.406960282    0.406924725
   36.475026190    0.406966818    0.406937921
   36.602561247    0.406975566    0.406949266
   36.730096304    0.406979629    0.406958976
   36.857631360    0.406986825    0.406967331
   36.985166417    0.406989226    0.406974485
   37.112701473    0.406995211    0.406980645
   37.240236530    0.406996571    0.406985927
   37.367771587    0.407001439    0.406990477
   37.495306643    0.407002124    0.406994386
   37.622841700    0.407005982    0.406997756
   37.750376757    0.407006360    0.407000660
   37.877911813    0.407009281    0.407003163
   38.005446870    0.407009625    0.407005332
   38.132981926    0.407011659    0.407007202
   38.260516983    0.407012161    0.407008834
   38.388052040    0.407013367    0.407010236
   38.515587096    0.407014147    0.407011468
   38.643122153    0.407014599    0.407012521
   38.770657209    0.407015708    0.407013451
   38.898192266    0.407015496    0.407014242
   39.025727323    0.407016926    0.407014948
   39.153262379    0.407016169    0.407015546
   39.280797436    0.407017866    0.407016085
   39.408332492    0.407016702    0.407016540
   39.535867549    0.407018574    0.407016954
   39.663402606    0.407017154    0.407017303
   39.790937662    0.407019085    0.407017625
   39.918472719    0.407017565    0.407017895
   40.046007776    0.407019429    0.407018146
   40.173542832    0.407017963    0.407018359
   40.301077889    0.407019634    0.407018557
   40.428612945    0.407018361    0.407018727
   40.556148002    0.407019728    0.407018884
   40.683683059    0.407018762    0.407019023
   40.811218115    0.407019735    0.407019147
   40.938753172    0.407019162    0.407019263
   41.066288228    0.407019683    0.407019363
   41.193823285    0.407019551    0.407019461
   41.321358342    0.407019597    0.407019542
   41.448893398    0.407019917    0.407019626
   41.576428455    0.407019502    0.407019693
   41.703963511    0.407020245    0.407019766
   41.831498568    0.407019418    0.407019822
   41.959033625    0.407020523    0.407019886
   42.086568681    0.407019365    0.407019933
   42.214103738    0.407020739    0.407019989
   42.341638794    0.407019354    0.407020029
   42.469173851    0.407020886    0.407020080
   42.596708908    0.407019396    0.407020114
   42.724243964    0.407020962    0.407020158
   42.851779021    0.407019494    0.407020189
   42.979314078    0.407020968    0.407020228
   43.106849134    0.407019644    0.407020256
   43.234384191    0.407020910    0.407020289
   43.361919247    0.407019839    0.407020315
   43.489454304    0.407020800    0.407020343
   43.616989361    0.407020069    0.407020367
   43.744524417    0.407020651    0.407020390
   43.872059474    0.407020318    0.407020413
   43.999594530    0.407020480    0.407020431
   44.127129587    0.407020569    0.407046216
   44.254664644    0.407020304    0.407114932
   44.382199700    0.407020805    0.407226593
   44.509734757    0.407020142    0.407381183
   44.637269813    0.407021011    0.407578720
   44.764804870    0.407020008    0.407819185
   44.892339927    0.407021171    0.408102597
   45.019874983    0.407019915    0.408428936
   45.147410040    0.407021276    0.408798225
   45.274945097    0.407019872    0.409184675
   45.402480153    0.407021318    0.409571137
   45.530015210    0.407612440    0.409957585
   45.657550266    0.408601444    0.410344043
   45.785085323    0.409587691    0.410730490
