    0.000000000    0.395114164    0.395801753
    0.130126742    0.396369201    0.396293778
    0.260253485    0.397628581    0.396785683
    0.390380227    0.398883753    0.397277702
    0.520506969    0.400142970    0.397769610
    0.650633712    0.401398327    0.398261623
    0.780760454    0.401902992    0.398753536
    0.910887196    0.401901338    0.399245542
    1.041013939    0.401902856    0.399737460
    1.171140681    0.401901471    0.400196659
    1.301267423    0.401902701    0.400601125
    1.431394166    0.401901618    0.400950989
    1.561520908    0.401902529    0.401246137
    1.691647650    0.401901775    0.401486666
    1.821774393    0.401902344    0.401672498
    1.951901135    0.401901938    0.401803690
    2.082027877    0.401902150    0.401880205
    2.212154620    0.401902103    0.401902062
    2.342281362    0.401901951    0.401902058
    2.472408104    0.401902266    0.401902038
    2.602534847    0.401901751    0.401902043
    2.732661589    0.401902423    0.401902012
    2.862788331    0.401901554    0.401902025
    2.992915074    0.401902570    0.401901983
    3.123041816    0.401901365    0.401902004
    3.253168558    0.401902702    0.401901951
    3.383295301    0.401901186    0.401901979
    3.513422043    0.401902816    0.401901916
    3.643548785    0.401901021    0.401901950
    3.773675528    0.401902908    0.401901879
    3.903802270    0.401900874    0.401901917
    4.033929012    0.401902974    0.401901837
    4.164055755    0.401900746    0.401901879
    4.294182497    0.401903012    0.401901792
    4.424309239    0.401900640    0.401901834
    4.554435982    0.401903019    0.401901741
    4.684562724    0.401900556    0.401901782
    4.814689466    0.401902993    0.401901684
    4.944816209    0.401900495    0.401901721
    5.074942951    0.401902931    0.401901619
    5.205069693    0.401900456    0.401901649
    5.335196436    0.401902832    0.401901542
    5.465323178    0.401900437    0.401901562
    5.595449920    0.401902694    0.401901451
    5.725576663    0.401900435    0.401901457
    5.855703405    0.401902516    0.401901340
    5.985830147    0.401900445    0.401901327
    6.115956889    0.401902294    0.401901202
    6.246083632    0.401900460    0.401901163
    6.376210374    0.401902025    0.401901026
    6.506337116    0.401900471    0.401900955
    6.636463859    0.401901705    0.401900800
    6.766590601    0.401900466    0.401900686
    6.896717343    0.401901324    0.401900502
    7.026844086    0.401900427    0.401900331
    7.156970828    0.401900871    0.401900105
    7.287097570    0.401900332    0.401899860
    7.417224313    0.401900329    0.401899570
    7.547351055    0.401900151    0.401899225
    7.677477797    0.401899671    0.401898843
    7.807604540    0.401899843    0.401898362
    7.937731282    0.401898857    0.401897844
    8.067858024    0.401899352    0.401897176
    8.197984767    0.401897834    0.401896464
    8.328111509    0.401898601    0.401895541
    8.458238251    0.401896519    0.401894551
    8.588364994    0.401897484    0.401893274
    8.718491736    0.401894798    0.401891887
    8.848618478    0.401895856    0.401890118
    8.978745221    0.401892511    0.401888167
    9.108871963    0.401893505    0.401885708
    9.238998705    0.401889386    0.401882957
    9.369125448    0.401890123    0.401879530
    9.499252190    0.401885116    0.401875642
    9.629378932    0.401885327    0.401870850
    9.759505675    0.401879231    0.401865348
    9.889632417    0.401878548    0.401858625
   10.019759159    0.401871057    0.401850832
   10.149885902    0.401868975    0.401841377
   10.280012644    0.401859634    0.401830330
   10.410139386    0.401855463    0.401816998
   10.540266129    0.401843603    0.401801329
   10.670392871    0.401836388    0.401782497
   10.800519613    0.401821025    0.401760269
   10.930646356    0.401809428    0.401733633
   11.060773098    0.401789130    0.401702098
   11.190899840    0.401771285    0.401664393
   11.321026583    0.401743989    0.401619664
   11.451153325    0.401717274    0.401566278
   11.581280067    0.401680008    0.401502875
   11.711406810    0.401640719    0.401427315
   11.841533552    0.401589220    0.401337542
   11.971660294    0.401532141    0.401230696
   12.101787037    0.401460353    0.401103770
   12.231913779    0.401378152    0.400952897
   12.362040521    0.401277484    0.400773760
   12.492167264    0.401159822    0.400561089
   12.622294006    0.401018110    0.400308767
   12.752420748    0.400850472    0.400009550
   12.882547491    0.400650653    0.399654833
   13.012674233    0.400412808    0.399234596
   13.142800975    0.400131075    0.398736787
   13.272927718    0.399794854    0.398147473
   13.403054460    0.399398027    0.397449774
   13.533181202    0.398924289    0.396624177
   13.663307945    0.398366315    0.395646944
   13.793434687    0.397700864    0.394490523
   13.923561429    0.396918003    0.393121323
   14.053688172    0.395985719    0.391500086
   14.183814914    0.394889295    0.389578844
   14.313941656    0.393585494    0.387301023
   14.444068399    0.392051832    0.384597323
   14.574195141    0.390230405    0.381385302
   14.704321883    0.388086496    0.377563904
   14.834448626    0.385542142    0.373012208
   14.964575368    0.382543405    0.367582081
   15.094702110    0.378984006    0.361095273
   15.224828853    0.374780465    0.353333811
   15.354955595    0.369785873    0.344041933
   15.485082337    0.363871365    0.332930868
   15.615209080    0.356829542    0.319698976
   15.745335822    0.348460609    0.304050342
   15.875462564    0.338465551    0.285740391
   16.005589307    0.326536310    0.264589482
   16.135716049    0.312238926    0.240473138
   16.265842791    0.295105857    0.213316029
   16.395969534    0.274505104    0.183099344
   16.526096276    0.249727706    0.149854627
   16.656223018    0.219852671    0.113667435
   16.786349761    0.183987692    0.074688258
   16.916476503    0.141363489    0.033186771
   17.046603245    0.091652217   -0.010412837
   17.176729988    0.034970695   -0.055503941
   17.306856730   -0.027543369   -0.101342336
   17.436983472   -0.094419073   -0.147213234
   17.567110214   -0.164445503   -0.192397015
   17.697236957   -0.236527023   -0.236159463
   17.827363699   -0.309441614   -0.277701144
   17.957490441   -0.382085086   -0.316241363
   18.087617184   -0.453321403   -0.351153403
   18.217743926   -0.521740601   -0.381926532
   18.347870668   -0.584748328   -0.408151401
   18.477997411   -0.638919630   -0.429467815
   18.608124153   -0.680265834   -0.445564091
   18.738250895   -0.705822487   -0.456193407
   18.868377638   -0.716565101   -0.461229134
   18.998504380   -0.712690660   -0.460679514
   19.128631122   -0.694297374   -0.454678779
   19.258757865   -0.660352800   -0.443494358
   19.388884607   -0.611919924   -0.427538128
   19.519011349   -0.553249231   -0.407325682
   19.649138092   -0.487929296   -0.383450582
   19.779264834   -0.419184278   -0.356583465
   19.909391576   -0.348914048   -0.327507172
   20.039518319   -0.278562131   -0.297139583
   20.169645061   -0.209503567   -0.266542301
   20.299771803   -0.143365082   -0.236857217
   20.429898546   -0.081777823   -0.209094403
   20.560025288   -0.026428596   -0.184165528
   20.690152030    0.020714650   -0.162901572
   20.820278773    0.057551695   -0.146109046
   20.950405515    0.082801171   -0.134477190
   21.080532257    0.095805887   -0.128452525
   21.210659000    0.096203089   -0.128267161
   21.340785742    0.084006405   -0.133943803
   21.470912484    0.059534937   -0.145295412
   21.601039227    0.023471632   -0.161920848
   21.731165969   -0.023065549   -0.183173727
   21.861292711   -0.078020365   -0.208244581
   21.991419454   -0.139326548   -0.236301679
   22.121546196   -0.205226380   -0.266438575
   22.251672938   -0.274124694   -0.297664647
   22.381799681   -0.344387238   -0.328849512
   22.511926423   -0.414681941   -0.358899928
   22.642053165   -0.483665936   -0.386879749
   22.772179908   -0.549747026   -0.411988570
   22.902306650   -0.610001074   -0.433553381
   23.032433392   -0.660947151   -0.450984276
   23.162560135   -0.698319794   -0.463779240
   23.292686877   -0.719994703   -0.471543410
   23.422813619   -0.727091098   -0.474042906
   23.552940362   -0.719577190   -0.471204559
   23.683067104   -0.697485014   -0.463109322
   23.813193846   -0.659700191   -0.449999707
   23.943320589   -0.608358401   -0.432280653
   24.073447331   -0.547730001   -0.410466615
   24.203574073   -0.481299789   -0.385158900
   24.333700816   -0.411984244   -0.357034809
   24.463827558   -0.341375645   -0.326887868
   24.593954300   -0.270812557   -0.295640600
   24.724081043   -0.201641459   -0.264358980
   24.854207785   -0.135508757   -0.234147602
   24.984334527   -0.074044580   -0.206008334
   25.114461270   -0.019035928   -0.180881221
   25.244588012    0.027396457   -0.159622002
   25.374714754    0.063150992   -0.143051718
   25.504841497    0.087040931   -0.131814730
   25.634968239    0.098411530   -0.126256021
   25.765094981    0.097107051   -0.126445934
   25.895221724    0.083378579   -0.132216384
   26.025348466    0.057740019   -0.143253896
   26.155475208    0.021157448   -0.159161776
   26.285601951   -0.025132996   -0.179431687
   26.415728693   -0.079887939   -0.203411213
   26.545855435   -0.141653596   -0.230262601
   26.675982178   -0.208522975   -0.259015816
   26.806108920   -0.278583660   -0.288700828
   26.936235662   -0.349907669   -0.318317274
   27.066362405   -0.419879698   -0.346892701
   27.196489147   -0.485667781   -0.373449386
   27.326615889   -0.544704601   -0.397130886
   27.456742632   -0.595238415   -0.417268206
   27.586869374   -0.636693794   -0.433307407
   27.716996116   -0.667849414   -0.444806028
   27.847122859   -0.687037869   -0.451387507
   27.977249601   -0.691626497   -0.452758237
   28.107376343   -0.680359872   -0.448734191
   28.237503086   -0.655358815   -0.439269716
   28.367629828   -0.618027260   -0.424432485
   28.497756570   -0.570193909   -0.404391694
   28.627883313   -0.512392214   -0.379443770
   28.758010055   -0.447567447   -0.350018010
   28.888136797   -0.379779772   -0.316643468
   29.018263539   -0.311161617   -0.279905975
   29.148390282   -0.243310830   -0.240389633
   29.278517024   -0.176507027   -0.198704438
   29.408643766   -0.111414720   -0.155504399
   29.538770509   -0.049100535   -0.111535689
   29.668897251    0.009159941   -0.067579078
   29.799023993    0.062672656   -0.024308369
   29.929150736    0.111030536    0.017677344
   30.059277478    0.153922553    0.057868252
   30.189404220    0.191124693    0.095787111
   30.319530963    0.222909861    0.131091206
   30.449657705    0.249723925    0.163620830
   30.579784447    0.272182068    0.193313355
   30.709911190    0.290910078    0.220180177
   30.840037932    0.306563035    0.244247862
   30.970164674    0.319653814    0.265575079
   31.100291417    0.330642201    0.284268994
   31.230418159    0.339867493    0.300494489
   31.360544901    0.347644120    0.314448171
   31.490671644    0.354196980    0.326345917
   31.620798386    0.359741541    0.336418312
   31.750925128    0.364426747    0.344906733
   31.881051871    0.368401576    0.352041643
   32.011178613    0.371766454    0.358034771
   32.141305355    0.374626073    0.363071909
   32.271432098    0.377049731    0.367311987
   32.401558840    0.379111274    0.370886177
   32.531685582    0.380859517    0.373903462
   32.661812325    0.382346315    0.376453513
   32.791939067    0.383607353    0.378611168
   32.922065809    0.384678684    0.380438250
   33.052192552    0.385587635    0.381986576
   33.182319294    0.386358371    0.383299243
   33.312446036    0.387012791    0.384412533
   33.442572779    0.387565885    0.385356896
   33.572699521    0.388036245    0.386157987
   33.702826263    0.388431860    0.386837557
   33.832953006    0.388769404    0.387413855
   33.963079748    0.389051374    0.387902561
   34.093206490    0.389293379    0.388316708
   34.223333233    0.389493556    0.388667703
   34.353459975    0.389667003    0.388964860
   34.483586717    0.389808473    0.389216538
   34.613713460    0.389932894    0.389429363
   34.743840202    0.390032415    0.389609497
   34.873966944    0.390121909    0.389761618
   35.004093687    0.390191556    0.389890307
   35.134220429    0.390256184    0.389998832
   35.264347171    0.390304592    0.390090621
   35.394473914    0.390351514    0.390167916
   35.524600656    0.390384883    0.390233304
   35.654727398    0.390419200    0.390288283
   35.784854141    0.390441970    0.390334825
   35.914980883    0.390467281    0.390373896
   36.045107625    0.390482611    0.390407017
   36.175234368    0.390501445    0.390434773
   36.305361110    0.390511591    0.390458348
   36.435487852    0.390525731    0.390478063
   36.565614595    0.390532315    0.390494852
   36.695741337    0.390543010    0.390508861
   36.825868079    0.390547182    0.390520829
   36.955994822    0.390555302    0.390530790
   37.086121564    0.390557886    0.390539334
   37.216248306    0.390564040    0.390546426
   37.346375049    0.390565631    0.390552533
   37.476501791    0.390570250    0.390557591
   37.606628533    0.390571270    0.390561963
   37.736755276    0.390574642    0.390565578
   37.866882018    0.390575363    0.390568713
   37.997008760    0.390577714    0.390571305
   38.127135503    0.390578372    0.390573554
   38.257262245    0.390579869    0.390575421
   38.387388987    0.390580617    0.390577033
   38.517515730    0.390581388    0.390578386
   38.647642472    0.390582312    0.390579542
   38.777769214    0.390582445    0.390580530
   38.907895957    0.390583600    0.390581355
   39.038022699    0.390583177    0.390582086
   39.168149441    0.390584589    0.390582671
   39.298276184    0.390583682    0.390583219
   39.428402926    0.390585356    0.390583631
   39.558529668    0.390584032    0.390584053
   39.688656411    0.390585953    0.390584339
   39.818783153    0.390584277    0.390584671
   39.948909895    0.390586420    0.390584864
   40.079036638    0.390584456    0.390585133
   40.209163380    0.390586783    0.390585259
   40.339290122    0.390584596    0.390585481
   40.469416864    0.390587060    0.390585558
   40.599543607    0.390584716    0.390585748
   40.729670349    0.390587267    0.390585789
   40.859797091    0.390584829    0.390585954
   40.989923834    0.390587414    0.390585970
   41.120050576    0.390584946    0.390586116
   41.250177318    0.390587509    0.390586114
   41.380304061    0.390585072    0.390586245
   41.510430803    0.390587557    0.390586232
   41.640557545    0.390585211    0.390586350
   41.770684288    0.390587565    0.390586330
   41.900811030    0.390585366    0.390586436
   42.030937772    0.390587537    0.390586414
   42.161064515    0.390585536    0.390586508
   42.291191257    0.390587478    0.390586486
   42.421317999    0.390585720    0.390586569
   42.551444742    0.390587393    0.390586550
   42.681571484    0.390585917    0.390586621
   42.811698226    0.390587285    0.390586607
   42.941824969    0.390586125    0.390586666
   43.071951711    0.390587159    0.390586658
   43.202078453    0.390586339    0.390586705
   43.332205196    0.390587021    0.390586705
   43.462331938    0.390586557    0.390586740
   43.592458680    0.390586874    0.390586748
   43.722585423    0.390586774    0.390586770
   43.852712165    0.390586723    0.390586787
   43.982838907    0.390586987    0.390586797
   44.112965650    0.390586572    0.390586822
   44.243092392    0.390587193    0.390586821
   44.373219134    0.390586426    0.390586855
   44.503345877    0.390587386    0.390586843
   44.633472619    0.390586288    0.390586884
   44.763599361    0.390587563    0.390586862
   44.893726104    0.390586163    0.390586910
   45.023852846    0.390587722    0.390619676
   45.153979588    0.390586053    0.390707191
   45.284106331    0.390587858    0.390849273
   45.414233073    0.390585962    0.391046119
   45.544359815    0.390587970    0.391297519
   45.674486558    0.390585892    0.391603694
   45.804613300    0.390588055    0.391964414
   45.934740042    0.390585845    0.392379916
   46.064866785    0.390588112    0.392849957
   46.194993527    0.390585823    0.393341987
   46.325120269    0.390588139    0.393833890
   46.455247012    0.391340168    0.394325920
   46.585373754    0.392599719    0.394817823
   46.715500496    0.393854672    0.395309851
