    0.000000000    0.376592814    0.376926569
    0.126183000    0.377202333    0.377164956
    0.252365999    0.377810826    0.377403318
    0.378548999    0.378421055    0.377641717
    0.504731999    0.379028888    0.377880061
    0.630914998    0.379639690    0.378118469
    0.757097998    0.379881527    0.378356798
    0.883280998    0.379883496    0.378595211
    1.009463997    0.379881420    0.378833529
    1.135646997    0.379883482    0.379056049
    1.261829997    0.379881445    0.379251986
    1.388012996    0.379883321    0.379421525
    1.514195996    0.379881596    0.379564491
    1.640378995    0.379883029    0.379681043
    1.766561995    0.379881847    0.379771045
    1.892744995    0.379882638    0.379834606
    2.018927994    0.379882159    0.379871646
    2.145110994    0.379882194    0.379882212
    2.271293994    0.379882484    0.379882184
    2.397476993    0.379881747    0.379882135
    2.523659993    0.379882769    0.379882119
    2.649842993    0.379881347    0.379882050
    2.776025992    0.379882966    0.379882044
    2.902208992    0.379881040    0.379881958
    3.028391992    0.379883036    0.379881957
    3.154574991    0.379880854    0.379881859
    3.280757991    0.379882958    0.379881857
    3.406940991    0.379880804    0.379881754
    3.533123990    0.379882726    0.379881745
    3.659306990    0.379880884    0.379881642
    3.785489990    0.379882355    0.379881618
    3.911672989    0.379881069    0.379881522
    4.037855989    0.379881875    0.379881477
    4.164038988    0.379881319    0.379881391
    4.290221988    0.379881333    0.379881322
    4.416404988    0.379881582    0.379881247
    4.542587987    0.379880780    0.379881152
    4.668770987    0.379881804    0.379881088
    4.794953987    0.379880270    0.379880967
    4.921136986    0.379881929    0.379880908
    5.047319986    0.379879847    0.379880763
    5.173502986    0.379881916    0.379880704
    5.299685985    0.379879543    0.379880539
    5.425868985    0.379881735    0.379880471
    5.552051985    0.379879372    0.379880288
    5.678234984    0.379881376    0.379880201
    5.804417984    0.379879324    0.379880005
    5.930600984    0.379880846    0.379879886
    6.056783983    0.379879370    0.379879677
    6.182966983    0.379880172    0.379879515
    6.309149983    0.379879461    0.379879290
    6.435332982    0.379879392    0.379879072
    6.561515982    0.379879530    0.379878824
    6.687698981    0.379878548    0.379878537
    6.813881981    0.379879503    0.379878253
    6.940064981    0.379877683    0.379877880
    7.066247980    0.379879303    0.379877537
    7.192430980    0.379876823    0.379877061
    7.318613980    0.379878851    0.379876630
    7.444796979    0.379875971    0.379876025
    7.570979979    0.379878076    0.379875473
    7.697162979    0.379875102    0.379874751
    7.823345978    0.379876914    0.379874083
    7.949528978    0.379874151    0.379873219
    8.075711978    0.379875303    0.379872352
    8.201894977    0.379873003    0.379871260
    8.328077977    0.379873169    0.379870080
    8.454260977    0.379871491    0.379868645
    8.580443976    0.379870424    0.379867009
    8.706626976    0.379869394    0.379865075
    8.832809976    0.379866945    0.379862795
    8.958992975    0.379866668    0.379860147
    9.085175975    0.379863570    0.379856973
    9.211358975    0.379864102    0.379853314
    9.337541974    0.379859518    0.379848904
    9.463724974    0.379859576    0.379843826
    9.589907973    0.379853431    0.379837704
    9.716090973    0.379852370    0.379830637
    9.842273973    0.379844682    0.379822169
    9.968456972    0.379841681    0.379812347
   10.094639972    0.379832334    0.379800634
   10.220822972    0.379826416    0.379786981
   10.347005971    0.379815062    0.379770783
   10.473188971    0.379805061    0.379751812
   10.599371971    0.379790967    0.379729365
   10.725554970    0.379775474    0.379702976
   10.851737970    0.379757368    0.379671872
   10.977920970    0.379734488    0.379635266
   11.104103969    0.379710458    0.379592225
   11.230286969    0.379678414    0.379541544
   11.356469969    0.379645567    0.379482047
   11.482652968    0.379601027    0.379412028
   11.608835968    0.379555384    0.379329921
   11.735018968    0.379494401    0.379233328
   11.861201967    0.379430325    0.379120082
   11.987384967    0.379347277    0.378986954
   12.113567966    0.379257164    0.378830926
   12.239750966    0.379144129    0.378647716
   12.365933966    0.379017626    0.378433104
   12.492116965    0.378863496    0.378181451
   12.618299965    0.378686703    0.377886862
   12.744482965    0.378476269    0.377541883
   12.870665964    0.378231232    0.377138369
   12.996848964    0.377943882    0.376666453
   13.123031964    0.377604776    0.376114912
   13.249214963    0.377210396    0.375470572
   13.375397963    0.376743128    0.374718021
   13.501580963    0.376202301    0.373839510
   13.627763962    0.375561656    0.372813952
   13.753946962    0.374821296    0.371617240
   13.880129962    0.373946459    0.370220490
   14.006312961    0.372934910    0.368590688
   14.132495961    0.371743894    0.366688123
   14.258678961    0.370364755    0.364467173
   14.384861960    0.368746948    0.361873030
   14.511044960    0.366869956    0.358842428
   14.637227959    0.364674568    0.355299775
   14.763410959    0.362121669    0.351157357
   14.889593959    0.359141508    0.346310910
   15.015776958    0.355669340    0.340638903
   15.141959958    0.351619749    0.333997504
   15.268142958    0.346892384    0.326218141
   15.394325957    0.341378051    0.317101405
   15.520508957    0.334927704    0.306411570
   15.646691957    0.327394411    0.293871494
   15.772874956    0.318565938    0.279162577
   15.899057956    0.308240057    0.261928490
   16.025240956    0.296123755    0.241777822
   16.151423955    0.281934782    0.218289176
   16.277606955    0.265274831    0.190997779
   16.403789955    0.245746149    0.159377976
   16.529972954    0.222809469    0.122804070
   16.656155954    0.195895945    0.080516531
   16.782338954    0.164261544    0.031666719
   16.908521953    0.127068693   -0.024454224
   17.034704953    0.083322161   -0.088125757
   17.160887953    0.032059657   -0.158861583
   17.287070952   -0.027637045   -0.235216985
   17.413253952   -0.096595419   -0.314853500
   17.539436951   -0.175564290   -0.394757714
   17.665619951   -0.265580453   -0.471748766
   17.791802951   -0.368113968   -0.543079833
   17.917985950   -0.485530493   -0.606784860
   18.044168950   -0.620993662   -0.661801439
   18.170351950   -0.776653286   -0.707933315
   18.296534949   -0.949403640   -0.745555681
   18.422717949   -1.129517553   -0.775311521
   18.548900949   -1.299529576   -0.797840439
   18.675083948   -1.437608305   -0.813642424
   18.801266948   -1.523399807   -0.823094882
   18.927449948   -1.541673151   -0.826497895
   19.053632947   -1.488859412   -0.824108863
   19.179815947   -1.375339712   -0.816145100
   19.305998947   -1.219469478   -0.802773833
   19.432181946   -1.042571859   -0.784066691
   19.558364946   -0.865137190   -0.759962200
   19.684547946   -0.701052888   -0.730297579
   19.810730945   -0.557315624   -0.695035649
   19.936913945   -0.434842954   -0.654547335
   20.063096944   -0.331385995   -0.609961238
   20.189279944   -0.245043579   -0.563370712
   20.315462944   -0.174864704   -0.517806245
   20.441645943   -0.120616567   -0.477054078
   20.567828943   -0.082413907   -0.445140760
   20.694011943   -0.060574810   -0.425542925
   20.820194942   -0.055266224   -0.420563125
   20.946377942   -0.066590381   -0.430883161
   21.072560942   -0.094366991   -0.455358552
   21.198743941   -0.138379252   -0.491334755
   21.324926941   -0.198286330   -0.535120550
   21.451109941   -0.274049349   -0.582678737
   21.577292940   -0.366026219   -0.630377257
   21.703475940   -0.475417063   -0.675399569
   21.829658940   -0.604373299   -0.715878984
   21.955841939   -0.754853107   -0.750894308
   22.082024939   -0.924589515   -0.780216665
   22.208207939   -1.104934076   -0.803979716
   22.334390938   -1.279932668   -0.822413338
   22.460573938   -1.428071194   -0.835658464
   22.586756937   -1.528505553   -0.843775430
   22.712939937   -1.564388906   -0.846782599
   22.839122937   -1.528681261   -0.844702481
   22.965305936   -1.428451949   -0.837563090
   23.091488936   -1.280556766   -0.825397217
   23.217671936   -1.105891243   -0.808201028
   23.343854935   -0.925969013   -0.785895122
   23.470037935   -0.756828136   -0.758326794
   23.596220935   -0.607124982   -0.725455189
   23.722403934   -0.479239529   -0.687640157
   23.848586934   -0.371228272   -0.645980244
   23.974769934   -0.281057199   -0.602609279
   24.100952933   -0.207544140   -0.560637649
   24.227135933   -0.150443622   -0.523896523
   24.353318933   -0.109843357   -0.496342591
   24.479501932   -0.086211144   -0.481200123
   24.605684932   -0.079904707   -0.480216087
   24.731867932   -0.091337470   -0.493284303
   24.858050931   -0.120781565   -0.518467192
   24.984233931   -0.168542601   -0.552429830
   25.110416931   -0.235188340   -0.591234633
   25.236599930   -0.321754662   -0.631229576
   25.362782930   -0.430539008   -0.669615109
   25.488965929   -0.563158059   -0.704599753
   25.615148929   -0.719342996   -0.735342907
   25.741331929   -0.894940834   -0.761632472
   25.867514928   -1.080175180   -0.783559089
   25.993697928   -1.257923940   -0.801225767
   26.119880928   -1.406460220   -0.814575238
   26.246063927   -1.505175449   -0.823344005
   26.372246927   -1.537968822   -0.827119225
   26.498429927   -1.499635446   -0.825453814
   26.624612926   -1.399123212   -0.817872634
   26.750795926   -1.254095545   -0.803849035
   26.876978926   -1.085704013   -0.782748646
   27.003161925   -0.914636681   -0.753850302
   27.129344925   -0.755103599   -0.716418699
   27.255527925   -0.614155554   -0.669866700
   27.381710924   -0.492544750   -0.613997159
   27.507893924   -0.386942534   -0.549323018
   27.634076924   -0.293019110   -0.477274173
   27.760259923   -0.207611614   -0.400151642
   27.886442923   -0.130238147   -0.320937272
   28.012625922   -0.060821209   -0.242820966
   28.138808922    0.000788106   -0.168590080
   28.264991922    0.054769941   -0.100250495
   28.391174921    0.101503853   -0.038878821
   28.517357921    0.141583887    0.015357746
   28.643540921    0.175755143    0.062916734
   28.769723920    0.204824266    0.104569327
   28.895906920    0.229581301    0.141124394
   29.022089920    0.250663202    0.173251001
   29.148272919    0.268642768    0.201433716
   29.274455919    0.283961696    0.226022918
   29.400638919    0.297039584    0.247351032
   29.526821918    0.308187160    0.265749219
   29.653004918    0.317714911    0.281544659
   29.779187918    0.325844506    0.295057932
   29.905370917    0.332804353    0.306595225
   30.031553917    0.338753135    0.316437536
   30.157736917    0.343854067    0.324835269
   30.283919916    0.348221802    0.332004026
   30.410102916    0.351969429    0.338126557
   30.536285915    0.355183323    0.343358002
   30.662468915    0.357940032    0.347829771
   30.788651915    0.360308471    0.351654117
   30.914834914    0.362337098    0.354925891
   31.041017914    0.364083225    0.357726552
   31.167200914    0.365575214    0.360124567
   31.293383913    0.366861601    0.362179016
   31.419566913    0.367957043    0.363939257
   31.545749913    0.368902990    0.365448109
   31.671932912    0.369705681    0.366741209
   31.798115912    0.370399520    0.367849718
   31.924298912    0.370986442    0.368799594
   32.050481911    0.371493460    0.369613632
   32.176664911    0.371921635    0.370310881
   32.302847911    0.372290395    0.370908015
   32.429030910    0.372602355    0.371419135
   32.555213910    0.372869266    0.371856428
   32.681396910    0.373096823    0.372230418
   32.807579909    0.373289907    0.372549998
   32.933762909    0.373456717    0.372823086
   33.059945909    0.373595385    0.373056127
   33.186128908    0.373717508    0.373255122
   33.312311908    0.373816575    0.373424704
   33.438494907    0.373906182    0.373569416
   33.564677907    0.373976777    0.373692582
   33.690860907    0.374042552    0.373797646
   33.817043906    0.374092849    0.373886986
   33.943226906    0.374140959    0.373963180
   34.069409906    0.374176986    0.374027941
   34.195592905    0.374211939    0.374083148
   34.321775905    0.374238073    0.374130039
   34.447958905    0.374262930    0.374169949
   34.574141904    0.374282570    0.374203851
   34.700324904    0.374299904    0.374232648
   34.826507904    0.374314817    0.374257130
   34.952690903    0.374326289    0.374277854
   35.078873903    0.374338100    0.374295511
   35.205056903    0.374345223    0.374310428
   35.331239902    0.374354809    0.374323198
   35.457422902    0.374358772    0.374333937
   35.583605902    0.374366594    0.374343176
   35.709788901    0.374368392    0.374350903
   35.835971901    0.374374648    0.374357583
   35.962154900    0.374375122    0.374363148
   36.088337900    0.374379845    0.374367970
   36.214520900    0.374379668    0.374371971
   36.340703899    0.374382820    0.374375446
   36.466886899    0.374382905    0.374378340
   36.593069899    0.374385622    0.374380840
   36.719252898    0.374386562    0.374382948
   36.845435898    0.374387971    0.374384745
   36.971618898    0.374389466    0.374386301
   37.097801897    0.374389659    0.374387599
   37.223984897    0.374391731    0.374388774
   37.350167897    0.374390924    0.374389725
   37.476350896    0.374393458    0.374390644
   37.602533896    0.374391944    0.374391369
   37.728716896    0.374394727    0.374392125
   37.854899895    0.374392847    0.374392717
   37.981082895    0.374395603    0.374393362
   38.107265895    0.374393709    0.374393832
   38.233448894    0.374396148    0.374394342
   38.359631894    0.374394566    0.374394711
   38.485814893    0.374396431    0.374395113
   38.611997893    0.374395424    0.374395416
   38.738180893    0.374396526    0.374395728
   38.864363892    0.374396263    0.374395989
   38.990546892    0.374396509    0.374396229
   39.116729892    0.374397048    0.374396463
   39.242912891    0.374396452    0.374396644
   39.369095891    0.374397737    0.374396860
   39.495278891    0.374396423    0.374396995
   39.621461890    0.374398295    0.374397197
   39.747644890    0.374396471    0.374397299
   39.873827890    0.374398692    0.374397487
   40.000010889    0.374396632    0.374397566
   40.126193889    0.374398917    0.374397739
   40.252376889    0.374396919    0.374397806
   40.378559888    0.374398977    0.374397959
   40.504742888    0.374397322    0.374398024
   40.630925888    0.374398896    0.374398154
   40.757108887    0.374397817    0.374398222
   40.883291887    0.374398714    0.374398328
   41.009474887    0.374398360    0.374398405
   41.135657886    0.374398480    0.374398485
   41.261840886    0.374398903    0.374398573
   41.388023885    0.374398248    0.374398628
   41.514206885    0.374399394    0.374398726
   41.640389885    0.374398069    0.374398761
   41.766572884    0.374399788    0.374398865
   41.892755884    0.374397986    0.374398884
   42.018938884    0.374400051    0.374398991
   42.145121883    0.374398026    0.374399000
   42.271304883    0.374400165    0.374399103
   42.397487883    0.374398198    0.374399109
   42.523670882    0.374400131    0.374399202
   42.649853882    0.374398492    0.374399212
   42.776036882    0.374399968    0.374399290
   42.902219881    0.374398882    0.374399308
   43.028402881    0.374399711    0.374399367
   43.154585881    0.374399328    0.374399397
   43.280768880    0.374399407    0.374399434
   43.406951880    0.374399779    0.374399477
   43.533134880    0.374399106    0.374399493
   43.659317879    0.374400185    0.374415441
   43.785500879    0.374398857    0.374457816
   43.911683878    0.374400501    0.374526745
   44.037866878    0.374398702    0.374622079
   44.164049878    0.374400693    0.374743985
   44.290232877    0.374398667    0.374892284
   44.416415877    0.374400740    0.375067161
   44.542598877    0.374398764    0.375268429
   44.668781876    0.374400642    0.375496271
   44.794964876    0.374398983    0.375734624
   44.921147876    0.374400417    0.375973047
   45.047330875    0.374764814    0.376211408
   45.173513875    0.375374802    0.376449812
   45.299696875    0.375983569    0.376688186
