    0.000000000    0.424103754    0.425471205
    0.128458917    0.426599894    0.426448686
    0.256917835    0.429099533    0.427426155
    0.385376752    0.431596105    0.428403632
    0.513835670    0.434095253    0.429381099
    0.642294587    0.436592352    0.430358570
    0.770753504    0.437592137    0.431336036
    0.899212422    0.437591832    0.432313502
    1.027671339    0.437591812    0.433290966
    1.156130257    0.437592113    0.434203262
    1.284589174    0.437591486    0.435006950
    1.413048091    0.437592371    0.435702024
    1.541507009    0.437591178    0.436288494
    1.669965926    0.437592586    0.436766346
    1.798424844    0.437590908    0.437135597
    1.926883761    0.437592741    0.437396228
    2.055342678    0.437590691    0.437548258
    2.183801596    0.437592823    0.437591668
    2.312260513    0.437590538    0.437591644
    2.440719431    0.437592820    0.437591606
    2.569178348    0.437590455    0.437591577
    2.697637266    0.437592730    0.437591535
    2.826096183    0.437590445    0.437591501
    2.954555100    0.437592553    0.437591455
    3.083014018    0.437590501    0.437591415
    3.211472935    0.437592294    0.437591365
    3.339931853    0.437590616    0.437591318
    3.468390770    0.437591965    0.437591264
    3.596849687    0.437590774    0.437591209
    3.725308605    0.437591579    0.437591149
    3.853767522    0.437590956    0.437591086
    3.982226440    0.437591155    0.437591020
    4.110685357    0.437591141    0.437590946
    4.239144274    0.437590710    0.437590873
    4.367603192    0.437591307    0.437590787
    4.496062109    0.437590265    0.437590703
    4.624521027    0.437591429    0.437590603
    4.752979944    0.437589835    0.437590507
    4.881438861    0.437591484    0.437590390
    5.009897779    0.437589435    0.437590277
    5.138356696    0.437591450    0.437590140
    5.266815614    0.437589074    0.437590003
    5.395274531    0.437591309    0.437589840
    5.523733448    0.437588754    0.437589674
    5.652192366    0.437591042    0.437589477
    5.780651283    0.437588468    0.437589271
    5.909110201    0.437590636    0.437589031
    6.037569118    0.437588202    0.437588772
    6.166028035    0.437590078    0.437588475
    6.294486953    0.437587932    0.437588146
    6.422945870    0.437589352    0.437587772
    6.551404788    0.437587616    0.437587350
    6.679863705    0.437588443    0.437586872
    6.808322622    0.437587204    0.437586325
    6.936781540    0.437587326    0.437585707
    7.065240457    0.437586628    0.437584993
    7.193699375    0.437585965    0.437584185
    7.322158292    0.437585797    0.437583245
    7.450617209    0.437584305    0.437582179
    7.579076127    0.437584598    0.437580952
    7.707535044    0.437582262    0.437579574
    7.835993962    0.437582886    0.437577977
    7.964452879    0.437579717    0.437576159
    8.092911797    0.437580471    0.437574040
    8.221370714    0.437576487    0.437571604
    8.349829631    0.437577103    0.437568755
    8.478288549    0.437572319    0.437565457
    8.606747466    0.437572458    0.437561597
    8.735206384    0.437566858    0.437557105
    8.863665301    0.437566121    0.437551849
    8.992124218    0.437559962    0.437545712
    9.120583136    0.437558390    0.437538530
    9.249042053    0.437551195    0.437530129
    9.377500971    0.437547552    0.437520296
    9.505959888    0.437538871    0.437508779
    9.634418805    0.437532411    0.437495301
    9.762877723    0.437521689    0.437479503
    9.891336640    0.437511465    0.437461014
   10.019795558    0.437497846    0.437439336
   10.148254475    0.437482660    0.437413964
   10.276713392    0.437464890    0.437384216
   10.405172310    0.437443163    0.437349399
   10.533631227    0.437419421    0.437308576
   10.662090145    0.437389024    0.437260781
   10.790549062    0.437356746    0.437204783
   10.919007979    0.437314816    0.437139258
   11.047466897    0.437270476    0.437062553
   11.175925814    0.437213125    0.436972855
   11.304384732    0.437151864    0.436867960
   11.432843649    0.437073729    0.436745398
   11.561302566    0.436988899    0.436602228
   11.689761484    0.436882660    0.436435112
   11.818220401    0.436765311    0.436240152
   11.946679319    0.436621039    0.436012869
   12.075138236    0.436459109    0.435748068
   12.203597153    0.436263242    0.435439755
   12.332056071    0.436040467    0.435081042
   12.460514988    0.435774657    0.434663931
   12.588973906    0.435469375    0.434179266
   12.717432823    0.435109085    0.433616385
   12.845891741    0.434692546    0.432963113
   12.974350658    0.434204946    0.432205241
   13.102809575    0.433638987    0.431326525
   13.231268493    0.432980818    0.430307982
   13.359727410    0.432215646    0.429127845
   13.488186328    0.431328986    0.427760672
   13.616645245    0.430297838    0.426177196
   13.745104162    0.429106354    0.424343225
   13.873563080    0.427721251    0.422219289
   14.002021997    0.426123180    0.419759302
   14.130480915    0.424266874    0.416909957
   14.258939832    0.422126589    0.413609201
   14.387398749    0.419642676    0.409785299
   14.515857667    0.416778431    0.405355076
   14.644316584    0.413456187    0.400222358
   14.772775502    0.409622160    0.394275691
   14.901234419    0.405176045    0.387385763
   15.029693336    0.400039167    0.379402293
   15.158152254    0.394081915    0.370149790
   15.286611171    0.387189926    0.359422828
   15.415070089    0.379194967    0.346978659
   15.543529006    0.369934428    0.332528619
   15.671987923    0.359191699    0.315724190
   15.800446841    0.346742810    0.296140126
   15.928905758    0.332309815    0.273248419
   16.057364676    0.315586470    0.246397440
   16.185823593    0.296207474    0.214802781
   16.314282510    0.273747297    0.177556430
   16.442741428    0.247709181    0.133662119
   16.571200345    0.217490267    0.082068182
   16.699659263    0.182386245    0.021724627
   16.828118180    0.141505349   -0.048169530
   16.956577097    0.093772262   -0.127850460
   17.085036015    0.037765001   -0.216719467
   17.213494932   -0.028306869   -0.313147861
   17.341953850   -0.106866580   -0.414525705
   17.470412767   -0.200794099   -0.517460232
   17.598871684   -0.313220968   -0.618185409
   17.727330602   -0.447043915   -0.713167593
   17.855789519   -0.604393114   -0.799565982
   17.984248437   -0.786621381   -0.875455089
   18.112707354   -0.993819844   -0.939912768
   18.241166272   -1.220375689   -0.992873011
   18.369625189   -1.453466422   -1.034857118
   18.498084106   -1.674052738   -1.066669228
   18.626543024   -1.858661353   -1.089103331
   18.755001941   -1.984947603   -1.102847207
   18.883460859   -2.035184302   -1.108431029
   19.011919776   -2.001092601   -1.106172086
   19.140378693   -1.888382773   -1.096151525
   19.268837611   -1.713415633   -1.078231945
   19.397296528   -1.497740284   -1.052111176
   19.525755446   -1.265036344   -1.017383660
   19.654214363   -1.035699345   -0.973618893
   19.782673280   -0.824129114   -0.920628190
   19.911132198   -0.637906269   -0.858799912
   20.039591115   -0.478219381   -0.789390023
   20.168050033   -0.344416019   -0.714745353
   20.296508950   -0.235294472   -0.638274050
   20.424967867   -0.148838416   -0.564256201
   20.553426785   -0.082748064   -0.497421192
   20.681885702   -0.034893582   -0.442306869
   20.810344620   -0.003615428   -0.402767831
   20.938803537    0.012111490   -0.381686184
   21.067262454    0.012769792   -0.380616250
   21.195721372   -0.001589518   -0.399624835
   21.324180289   -0.031416013   -0.437289697
   21.452639207   -0.077625299   -0.490833339
   21.581098124   -0.141833944   -0.556480912
   21.709557041   -0.226107624   -0.629754640
   21.838015959   -0.332773772   -0.705930215
   21.966474876   -0.463887409   -0.780672009
   22.094933794   -0.620753347   -0.850478511
   22.223392711   -0.804017759   -0.912888466
   22.351851628   -1.012862388   -0.966542258
   22.480310546   -1.240427875   -1.010989959
   22.608769463   -1.472896792   -1.046408548
   22.737228381   -1.690420945   -1.073278550
   22.865687298   -1.869410028   -1.092103998
   22.994146216   -1.988113564   -1.103325923
   23.122605133   -2.029711769   -1.107267884
   23.251064050   -1.987332698   -1.104080189
   23.379522968   -1.867899662   -1.093721539
   23.507981885   -1.688297624   -1.075978880
   23.636440803   -1.470322552   -1.050525761
   23.764899720   -1.237652645   -1.016979660
   23.893358637   -1.010185616   -0.974994171
   24.021817555   -0.801857755   -0.924545169
   24.150276472   -0.619599583   -0.866267212
   24.278735390   -0.464401300   -0.801753984
   24.407194307   -0.335729589   -0.733788473
   24.535653224   -0.232499029   -0.666308496
   24.664112142   -0.152790658   -0.604151544
   24.792571059   -0.094524818   -0.552460517
   24.921029977   -0.055806244   -0.515762212
   25.049488894   -0.035331606   -0.497240684
   25.177947811   -0.032457438   -0.498226147
   25.306406729   -0.047196138   -0.517955000
   25.434865646   -0.080100841   -0.553790408
   25.563324564   -0.132503785   -0.601795847
   25.691783481   -0.206616690   -0.657625375
   25.820242398   -0.306203265   -0.717282979
   25.948701316   -0.436074101   -0.777444373
   26.077160233   -0.600101872   -0.835602220
   26.205619151   -0.798439079   -0.890000756
   26.334078068   -1.023838640   -0.939427932
   26.462536985   -1.262302493   -0.983029971
   26.590995903   -1.492988189   -1.020165017
   26.719454820   -1.691416272   -1.050369241
   26.847913738   -1.834399996   -1.073332376
   26.976372655   -1.905982853   -1.088850567
   27.104831572   -1.903678734   -1.096718434
   27.233290490   -1.836526175   -1.096693411
   27.361749407   -1.719441666   -1.088374183
   27.490208325   -1.570129499   -1.071078620
   27.618667242   -1.403956986   -1.043860907
   27.747126160   -1.231349866   -1.005667452
   27.875585077   -1.058653148   -0.955677156
   28.004043994   -0.889437671   -0.893612535
   28.132502912   -0.727154573   -0.820054385
   28.260961829   -0.575348251   -0.736607793
   28.389420747   -0.437019225   -0.645856428
   28.517879664   -0.313464739   -0.551051128
   28.646338581   -0.206041169   -0.455531542
   28.774797499   -0.114861007   -0.362225529
   28.903256416   -0.038276146   -0.273399090
   29.031715334    0.025905522   -0.190534438
   29.160174251    0.080010378   -0.114436027
   29.288633168    0.125938164   -0.045444285
   29.417092086    0.165183804    0.016383304
   29.545551003    0.198849248    0.071152712
   29.674009921    0.227855341    0.119125216
   29.802468838    0.252881412    0.160722385
   29.930927755    0.274539045    0.196500184
   30.059386673    0.293271737    0.227075530
   30.187845590    0.309512119    0.253127309
   30.316304508    0.323566441    0.275342535
   30.444763425    0.335757488    0.294338949
   30.573222342    0.346306478    0.310641211
   30.701681260    0.355460188    0.324674837
   30.830140177    0.363381411    0.336784184
   30.958599095    0.370258711    0.347250374
   31.087058012    0.376213023    0.356307425
   31.215516929    0.381386627    0.364150919
   31.343975847    0.385870165    0.370947241
   31.472434764    0.389768208    0.376837668
   31.600893682    0.393149744    0.381944198
   31.729352599    0.396089193    0.386371404
   31.857811516    0.398641388    0.390210327
   31.986270434    0.400857534    0.393539217
   32.114729351    0.402783777    0.396426346
   32.243188269    0.404453162    0.398930382
   32.371647186    0.405906153    0.401102501
   32.500106103    0.407161440    0.402986660
   32.628565021    0.408255696    0.404621148
   32.757023938    0.409196813    0.406038869
   32.885482856    0.410018861    0.407268446
   33.013941773    0.410721947    0.408334560
   33.142400691    0.411337837    0.409258661
   33.270859608    0.411861669    0.410059368
   33.399318525    0.412321969    0.410752819
   33.527777443    0.412710434    0.411353125
   33.656236360    0.413053019    0.411872441
   33.784695278    0.413340166    0.412321491
   33.913154195    0.413594357    0.412709435
   34.041613112    0.413806241    0.413044453
   34.170072030    0.413994225    0.413333462
   34.298530947    0.414150430    0.413582711
   34.426989865    0.414288836    0.413797420
   34.555448782    0.414404064    0.413982358
   34.683907699    0.414505459    0.414141447
   34.812366617    0.414590749    0.414278295
   34.940825534    0.414664571    0.414395853
   35.069284452    0.414728046    0.414496870
   35.197743369    0.414781302    0.414583555
   35.326202286    0.414828885    0.414657975
   35.454661204    0.414866850    0.414721777
   35.583120121    0.414902887    0.414776515
   35.711579039    0.414929559    0.414823428
   35.840037956    0.414957162    0.414863652
   35.968496873    0.414975525    0.414898123
   36.096955791    0.414996868    0.414927668
   36.225414708    0.415009183    0.414952996
   36.353873626    0.415025801    0.414974693
   36.482332543    0.415033819    0.414993303
   36.610791460    0.415046771    0.415009236
   36.739250378    0.415051824    0.415022917
   36.867709295    0.415061818    0.415034625
   36.996168213    0.415065204    0.415044695
   37.124627130    0.415073237    0.415053308
   37.253086047    0.415075566    0.415060732
   37.381544965    0.415081667    0.415067079
   37.510003882    0.415083612    0.415072566
   37.638462800    0.415087991    0.415077259
   37.766921717    0.415089782    0.415081331
   37.895380635    0.415092603    0.415084819
   38.023839552    0.415094514    0.415087860
   38.152298469    0.415095974    0.415090477
   38.280757387    0.415098165    0.415092770
   38.409216304    0.415098456    0.415094759
   38.537675222    0.415100986    0.415096503
   38.666134139    0.415100304    0.415098013
   38.794593056    0.415103154    0.415099337
   38.923051974    0.415101714    0.415100490
   39.051510891    0.415104807    0.415101494
   39.179969809    0.415102833    0.415102375
   39.308428726    0.415106046    0.415103140
   39.436887643    0.415103763    0.415103820
   39.565346561    0.415106945    0.415104405
   39.693805478    0.415104574    0.415104936
   39.822264396    0.415107566    0.415105388
   39.950723313    0.415105318    0.415105806
   40.079182230    0.415107963    0.415106159
   40.207641148    0.415106023    0.415106492
   40.336100065    0.415108181    0.415106770
   40.464558983    0.415106702    0.415107039
   40.593017900    0.415108263    0.415107262
   40.721476817    0.415107357    0.415107481
   40.849935735    0.415108247    0.415107663
   40.978394652    0.415107983    0.415107842
   41.106853570    0.415108171    0.415107993
   41.235312487    0.415108568    0.415108143
   41.363771404    0.415108067    0.415108271
   41.492230322    0.415109099    0.415108395
   41.620689239    0.415107965    0.415108506
   41.749148157    0.415109561    0.415108610
   41.877607074    0.415107891    0.415108708
   42.006065991    0.415109941    0.415108796
   42.134524909    0.415107864    0.415108883
   42.262983826    0.415110229    0.415108958
   42.391442744    0.415107898    0.415109037
   42.519901661    0.415110420    0.415109101
   42.648360578    0.415108003    0.415109172
   42.776819496    0.415110513    0.415109227
   42.905278413    0.415108180    0.415109292
   43.033737331    0.415110512    0.415109340
   43.162196248    0.415108424    0.415109399
   43.290655166    0.415110427    0.415109440
   43.419114083    0.415108727    0.415109493
   43.547573000    0.415110271    0.415109530
   43.676031918    0.415109074    0.415109578
   43.804490835    0.415110062    0.415109611
   43.932949753    0.415109447    0.415109652
   44.061408670    0.415109820    0.415109683
   44.189867587    0.415109826    0.415109718
   44.318326505    0.415109567    0.415109746
   44.446785422    0.415110189    0.415174940
   44.575244340    0.415109324    0.415348739
   44.703703257    0.415110518    0.415631144
   44.832162174    0.415109112    0.416022159
   44.960621092    0.415110792    0.416521774
   45.089080009    0.415108947    0.417130003
   45.217538927    0.415110998    0.417846831
   45.345997844    0.415108843    0.418672274
   45.474456761    0.415111123    0.419606313
   45.602915679    0.415108809    0.420583805
   45.731374596    0.415111163    0.421561284
   45.859833514    0.416607643    0.422538773
   45.988292431    0.419107901    0.423516248
   46.116751348    0.421603736    0.424493733
