    0.000000000    0.400734690    0.400534927
    0.128601634    0.400369935    0.400393122
    0.257203267    0.400009796    0.400251305
    0.385804901    0.399645244    0.400109497
    0.514406535    0.399284819    0.399967678
    0.643008169    0.398920619    0.399825865
    0.771609802    0.398777213    0.399684044
    0.900211436    0.398775895    0.399542227
    1.028813070    0.398776917    0.399400404
    1.157414703    0.398776168    0.399268037
    1.286016337    0.398776584    0.399151423
    1.414617971    0.398776455    0.399050564
    1.543219605    0.398776234    0.398965462
    1.671821238    0.398776736    0.398896112
    1.800422872    0.398775888    0.398842522
    1.929024506    0.398776989    0.398804680
    2.057626139    0.398775569    0.398782602
    2.186227773    0.398777192    0.398776269
    2.314829407    0.398775295    0.398776248
    2.443431041    0.398777329    0.398776213
    2.572032674    0.398775081    0.398776189
    2.700634308    0.398777385    0.398776151
    2.829235942    0.398774939    0.398776122
    2.957837575    0.398777353    0.398776081
    3.086439209    0.398774874    0.398776048
    3.215040843    0.398777227    0.398776004
    3.343642477    0.398774886    0.398775966
    3.472244110    0.398777012    0.398775918
    3.600845744    0.398774969    0.398775874
    3.729447378    0.398776714    0.398775824
    3.858049011    0.398775112    0.398775773
    3.986650645    0.398776347    0.398775720
    4.115252279    0.398775298    0.398775662
    4.243853912    0.398775927    0.398775604
    4.372455546    0.398775507    0.398775539
    4.501057180    0.398775475    0.398775476
    4.629658814    0.398775715    0.398775402
    4.758260447    0.398775011    0.398775334
    4.886862081    0.398775899    0.398775249
    5.015463715    0.398774557    0.398775173
    5.144065348    0.398776033    0.398775078
    5.272666982    0.398774133    0.398774991
    5.401268616    0.398776095    0.398774883
    5.529870250    0.398773753    0.398774782
    5.658471883    0.398776063    0.398774659
    5.787073517    0.398773428    0.398774540
    5.915675151    0.398775921    0.398774398
    6.044276784    0.398773162    0.398774254
    6.172878418    0.398775655    0.398774088
    6.301480052    0.398772952    0.398773914
    6.430081686    0.398775254    0.398773715
    6.558683319    0.398772783    0.398773500
    6.687284953    0.398774712    0.398773260
    6.815886587    0.398772632    0.398772990
    6.944488220    0.398774024    0.398772693
    7.073089854    0.398772466    0.398772352
    7.201691488    0.398773185    0.398771978
    7.330293122    0.398772238    0.398771542
    7.458894755    0.398772182    0.398771064
    7.587496389    0.398771888    0.398770516
    7.716098023    0.398770999    0.398769923
    7.844699656    0.398771342    0.398769230
    7.973301290    0.398769603    0.398768462
    8.101902924    0.398770504    0.398767558
    8.230504558    0.398767938    0.398766538
    8.359106191    0.398769256    0.398765334
    8.487707825    0.398765919    0.398763959
    8.616309459    0.398767446    0.398762335
    8.744911092    0.398763415    0.398760462
    8.873512726    0.398764910    0.398758256
    9.002114360    0.398760576    0.398755691
    9.130715994    0.398761999    0.398752677
    9.259317627    0.398757015    0.398749153
    9.387919261    0.398757598    0.398745018
    9.516520895    0.398751978    0.398740167
    9.645122528    0.398751266    0.398734477
    9.773724162    0.398744935    0.398727785
    9.902325796    0.398742389    0.398719936
   10.030927430    0.398735128    0.398710690
   10.159529063    0.398730100    0.398699839
   10.288130697    0.398721496    0.398687044
   10.416732331    0.398713193    0.398672013
   10.545333964    0.398702556    0.398654266
   10.673935598    0.398689967    0.398633386
   10.802537232    0.398676230    0.398608739
   10.931138866    0.398658027    0.398579726
   11.059740499    0.398639626    0.398545481
   11.188342133    0.398614028    0.398505144
   11.316943767    0.398588720    0.398457539
   11.445545400    0.398553268    0.398401435
   11.574147034    0.398517868    0.398335236
   11.702748668    0.398469133    0.398257193
   11.831350302    0.398419201    0.398165143
   11.959951935    0.398352388    0.398056626
   12.088553569    0.398281770    0.397928668
   12.217155203    0.398190136    0.397777835
   12.345756836    0.398090292    0.397600071
   12.474358470    0.397964350    0.397390608
   12.602960104    0.397823504    0.397143896
   12.731561737    0.397650020    0.396853348
   12.860163371    0.397452005    0.396511356
   12.988765005    0.397212545    0.396108837
   13.117366639    0.396935120    0.395635330
   13.245968272    0.396604341    0.395078305
   13.374569906    0.396217292    0.394423294
   13.503171540    0.395759525    0.393652955
   13.631773173    0.395220818    0.392747177
   13.760374807    0.394587647    0.391681852
   13.888976441    0.393840383    0.390428839
   14.017578075    0.392965261    0.388954368
   14.146179708    0.391931425    0.387218685
   14.274781342    0.390722885    0.385173998
   14.403382976    0.389295351    0.382763578
   14.531984609    0.387627201    0.379919105
   14.660586243    0.385657553    0.376558897
   14.789187877    0.383353948    0.372584429
   14.917789511    0.380634597    0.367877283
   15.046391144    0.377448880    0.362294571
   15.174992778    0.373687661    0.355663881
   15.303594412    0.369270990    0.347778139
   15.432196045    0.364051507    0.338393885
   15.560797679    0.357902805    0.327234330
   15.689399313    0.350622219    0.313995311
   15.818000947    0.342012347    0.298352004
   15.946602580    0.331789655    0.279963699
   16.075204214    0.319650342    0.258491950
   16.203805848    0.305191569    0.233586152
   16.332407481    0.287952944    0.204841940
   16.461009115    0.267357139    0.171735666
   16.589610749    0.242714947    0.133592247
   16.718212383    0.213215591    0.089646514
   16.846814016    0.178002528    0.039234208
   16.975415650    0.136295517   -0.017967678
   17.104017284    0.087433988   -0.081670359
   17.232618917    0.030926810   -0.150756108
   17.361220551   -0.033635653   -0.223284074
   17.489822185   -0.106223025   -0.296641102
   17.618423819   -0.187175799   -0.367946797
   17.747025452   -0.277762947   -0.434623151
   17.875627086   -0.380809690   -0.494761310
   18.004228720   -0.499849756   -0.547250841
   18.132830353   -0.637064213   -0.591760262
   18.261431987   -0.790212033   -0.628502382
   18.390033621   -0.951591887   -0.657969844
   18.518635255   -1.107258846   -0.680704740
   18.647236888   -1.238350021   -0.697128016
   18.775838522   -1.326130864   -0.707503513
   18.904440156   -1.355421975   -0.711983214
   19.033041789   -1.320380644   -0.710695007
   19.161643423   -1.228364580   -0.703767917
   19.290245057   -1.095224725   -0.691305934
   19.418846691   -0.939902063   -0.673305473
   19.547448324   -0.781001727   -0.649625161
   19.676049958   -0.631853191   -0.620037676
   19.804651592   -0.499749083   -0.584412106
   19.933253225   -0.386607090   -0.542941574
   20.061854859   -0.290301372   -0.496408091
   20.190456493   -0.207709607   -0.446396777
   20.319058126   -0.136668782   -0.395275281
   20.447659760   -0.076594255   -0.346056327
   20.576261394   -0.027852736   -0.302034426
   20.704863028    0.008862655   -0.266282182
   20.833464661    0.033200917   -0.241318861
   20.962066295    0.044797422   -0.228926952
   21.090667929    0.043447949   -0.229983280
   21.219269562    0.029176069   -0.244452139
   21.347871196    0.002230348   -0.271379996
   21.476472830   -0.036988738   -0.308914023
   21.605074464   -0.088089806   -0.354487141
   21.733676097   -0.150336455   -0.405013388
   21.862277731   -0.223386017   -0.457223563
   21.990879365   -0.307876935   -0.508150985
   22.119480998   -0.406062951   -0.555467580
   22.248082632   -0.521068362   -0.597621190
   22.376684266   -0.654888147   -0.633859614
   22.505285900   -0.805297267   -0.664013824
   22.633887533   -0.964636954   -0.688237500
   22.762489167   -1.119089791   -0.706779741
   22.891090801   -1.249889707   -0.719812110
   23.019692434   -1.338483089   -0.727384962
   23.148294068   -1.369813298   -0.729465541
   23.276895702   -1.337502794   -0.726021296
   23.405497336   -1.247924974   -0.717045471
   23.534098969   -1.116134406   -0.702528842
   23.662700603   -0.960670373   -0.682374142
   23.791302237   -0.800282855   -0.656356515
   23.919903870   -0.648749401   -0.624171583
   24.048505504   -0.513696606   -0.585618060
   24.177107138   -0.397295456   -0.540842965
   24.305708772   -0.297514144   -0.490621799
   24.434310405   -0.211164343   -0.436599913
   24.562912039   -0.135943117   -0.381305639
   24.691513673   -0.071118816   -0.328046270
   24.820115306   -0.016942054   -0.280550814
   24.948716940    0.026005550   -0.242377019
   25.077318574    0.057495147   -0.216377518
   25.205920208    0.077337055   -0.204301926
   25.334521841    0.085365295   -0.206537691
   25.463123475    0.081433743   -0.222091996
   25.591725109    0.065190236   -0.248834149
   25.720326742    0.035997032   -0.283846331
   25.848928376   -0.007386321   -0.323906585
   25.977530010   -0.066714807   -0.366074956
   26.106131644   -0.144847809   -0.408062000
   26.234733277   -0.245107295   -0.448319379
   26.363334911   -0.369927684   -0.486016708
   26.491936545   -0.518145879   -0.520830072
   26.620538178   -0.682931770   -0.552694324
   26.749139812   -0.851705453   -0.581584551
   26.877741446   -1.006498406   -0.607362517
   27.006343080   -1.128766119   -0.629746916
   27.134944713   -1.202575659   -0.648333216
   27.263546347   -1.218899979   -0.662655516
   27.392147981   -1.181036885   -0.672192601
   27.520749614   -1.101645109   -0.676369935
   27.649351248   -0.997038551   -0.674496859
   27.777952882   -0.883980622   -0.665727651
   27.906554516   -0.774701822   -0.649112319
   28.035156149   -0.675382631   -0.623768771
   28.163757783   -0.587138173   -0.589146758
   28.292359417   -0.507527918   -0.545284454
   28.420961050   -0.433407438   -0.493019204
   28.549562684   -0.362294669   -0.433994112
   28.678164318   -0.293415859   -0.370536178
   28.806765951   -0.226739287   -0.305343763
   28.935367585   -0.162793477   -0.240945759
   29.063969219   -0.101767077   -0.179291163
   29.192570853   -0.043415499   -0.121595108
   29.321172486    0.012224944   -0.068321949
   29.449774120    0.064755720   -0.019388231
   29.578375754    0.113374541    0.025573176
   29.706977387    0.157127525    0.066988179
   29.835579021    0.195602341    0.105186824
   29.964180655    0.228811011    0.140369051
   30.092782289    0.256956814    0.172634019
   30.221383922    0.280525561    0.202051566
   30.349985556    0.300117223    0.228695169
   30.478587190    0.316410591    0.252664177
   30.607188823    0.329970709    0.274069657
   30.735790457    0.341302036    0.293014072
   30.864392091    0.350773698    0.309603887
   30.992993725    0.358729728    0.323964432
   31.121595358    0.365406901    0.336257513
   31.250196992    0.371040921    0.346687668
   31.378798626    0.375783780    0.355478315
   31.507400259    0.379799590    0.362853459
   31.636001893    0.383187731    0.369028732
   31.764603527    0.386063567    0.374199683
   31.893205161    0.388493725    0.378535885
   32.021806794    0.390558941    0.382178384
   32.150408428    0.392306059    0.385243478
   32.279010062    0.393790686    0.387826500
   32.407611695    0.395048258    0.390006363
   32.536213329    0.396115402    0.391847948
   32.664814963    0.397021094    0.393405364
   32.793416597    0.397787209    0.394723331
   32.922018230    0.398439343    0.395839449
   33.050619864    0.398988074    0.396784939
   33.179221498    0.399457442    0.397586219
   33.307823131    0.399849860    0.398265325
   33.436424765    0.400188070    0.398840985
   33.565026399    0.400467886    0.399328907
   33.693628033    0.400711534    0.399742462
   33.822229666    0.400910558    0.400092929
   33.950831300    0.401086165    0.400389886
   34.079432934    0.401227485    0.400641469
   34.208034567    0.401354155    0.400854547
   34.336636201    0.401454483    0.401035016
   34.465237835    0.401545866    0.401187800
   34.593839469    0.401617184    0.401317187
   34.722441102    0.401682996    0.401426696
   34.851042736    0.401733914    0.401519428
   34.979644370    0.401781127    0.401597884
   35.108246003    0.401817824    0.401664329
   35.236847637    0.401851429    0.401720538
   35.365449271    0.401878267    0.401768157
   35.494050905    0.401901832    0.401808439
   35.622652538    0.401921870    0.401842579
   35.751254172    0.401937997    0.401871461
   35.879855806    0.401953373    0.401895963
   36.008457439    0.401963989    0.401916712
   36.137059073    0.401976146    0.401934329
   36.265660707    0.401982686    0.401949263
   36.394262341    0.401992563    0.401961953
   36.522863974    0.401996130    0.401972724
   36.651465608    0.402004326    0.401981879
   36.780067242    0.402005794    0.401989664
   36.908668875    0.402012653    0.401996281
   37.037270509    0.402012714    0.402001924
   37.165872143    0.402018433    0.402006719
   37.294473776    0.402018032    0.402010823
   37.423075410    0.402023095    0.402014308
   37.551677044    0.402022384    0.402017305
   37.680278678    0.402026475    0.402019848
   37.808880311    0.402025773    0.402022050
   37.937481945    0.402028864    0.402023918
   38.066083579    0.402028388    0.402025549
   38.194685212    0.402030487    0.402026936
   38.323286846    0.402030471    0.402028160
   38.451888480    0.402031608    0.402029207
   38.580490114    0.402032159    0.402030144
   38.709091747    0.402032380    0.402030955
   38.837693381    0.402033533    0.402031675
   38.966295015    0.402032919    0.402032293
   39.094896648    0.402034647    0.402032841
   39.223498282    0.402033316    0.402033315
   39.352099916    0.402035537    0.402033734
   39.480701550    0.402033641    0.402034103
   39.609303183    0.402036229    0.402034429
   39.737904817    0.402033942    0.402034723
   39.866506451    0.402036740    0.402034979
   39.995108084    0.402034255    0.402035217
   40.123709718    0.402037090    0.402035422
   40.252311352    0.402034600    0.402035619
   40.380912986    0.402037294    0.402035784
   40.509514619    0.402034989    0.402035949
   40.638116253    0.402037373    0.402036086
   40.766717887    0.402035420    0.402036226
   40.895319520    0.402037348    0.402036340
   41.023921154    0.402035887    0.402036461
   41.152522788    0.402037243    0.402036559
   41.281124422    0.402036376    0.402036664
   41.409726055    0.402037084    0.402036749
   41.538327689    0.402036869    0.402036841
   41.666929323    0.402036896    0.402036917
   41.795530956    0.402037347    0.402036997
   41.924132590    0.402036706    0.402037067
   42.052734224    0.402037788    0.402037136
   42.181335858    0.402036538    0.402037201
   42.309937491    0.402038174    0.402037261
   42.438539125    0.402036412    0.402037321
   42.567140759    0.402038487    0.402037375
   42.695742392    0.402036345    0.402037431
   42.824344026    0.402038716    0.402037477
   42.952945660    0.402036350    0.402037530
   43.081547294    0.402038854    0.402037570
   43.210148927    0.402036432    0.402037619
   43.338750561    0.402038898    0.402037655
   43.467352195    0.402036590    0.402037700
   43.595953828    0.402038852    0.402037732
   43.724555462    0.402036820    0.402037773
   43.853157096    0.402038726    0.402037801
   43.981758730    0.402037111    0.402037838
   44.110360363    0.402038533    0.402037863
   44.238961997    0.402037445    0.402037896
   44.367563631    0.402038291    0.402037919
   44.496165264    0.402037805    0.402028492
   44.624766898    0.402038021    0.402003303
   44.753368532    0.402038169    0.401962358
   44.881970165    0.402037746    0.401905653
   45.010571799    0.402038515    0.401833190
   45.139173433    0.402037485    0.401744970
   45.267775067    0.402038822    0.401640989
   45.396376700    0.402037261    0.401521254
   45.524978334    0.402039072    0.401385754
   45.653579968    0.402037089    0.401243957
   45.782181601    0.402039250    0.401102151
   45.910783235    0.401819541    0.400960352
   46.039384869    0.401459496    0.400818542
   46.167986503    0.401094699    0.400676740
