    0.000000000    0.442391508    0.442248590
    0.128010139    0.442130568    0.442147037
    0.256020278    0.441872446    0.442045475
    0.384030417    0.441611509    0.441943920
    0.512040556    0.441353330    0.441842353
    0.640050695    0.441092490    0.441740795
    0.768060834    0.440989885    0.441639225
    0.896070973    0.440988761    0.441537663
    1.024081112    0.440989743    0.441436090
    1.152091251    0.440988873    0.441341295
    1.280101390    0.440989566    0.441257773
    1.408111529    0.440989002    0.441185542
    1.536121668    0.440989363    0.441124585
    1.664131807    0.440989136    0.441074918
    1.792141946    0.440989146    0.441036527
    1.920152085    0.440989265    0.441009424
    2.048162224    0.440988927    0.440993599
    2.176172363    0.440989377    0.440989059
    2.304182502    0.440988716    0.440989029
    2.432192641    0.440989460    0.440988998
    2.560202780    0.440988524    0.440988966
    2.688212918    0.440989505    0.440988930
    2.816223057    0.440988359    0.440988895
    2.944233196    0.440989506    0.440988854
    3.072243335    0.440988227    0.440988816
    3.200253474    0.440989457    0.440988770
    3.328263613    0.440988130    0.440988729
    3.456273752    0.440989356    0.440988678
    3.584283891    0.440988068    0.440988634
    3.712294030    0.440989206    0.440988579
    3.840304169    0.440988038    0.440988530
    3.968314308    0.440989009    0.440988470
    4.096324447    0.440988035    0.440988416
    4.224334586    0.440988772    0.440988352
    4.352344725    0.440988050    0.440988293
    4.480354864    0.440988503    0.440988223
    4.608365003    0.440988073    0.440988158
    4.736375142    0.440988211    0.440988083
    4.864385281    0.440988094    0.440988011
    4.992395420    0.440987906    0.440987930
    5.120405559    0.440988099    0.440987849
    5.248415698    0.440987598    0.440987762
    5.376425837    0.440988078    0.440987671
    5.504435976    0.440987294    0.440987575
    5.632446115    0.440988018    0.440987473
    5.760456254    0.440987001    0.440987367
    5.888466393    0.440987909    0.440987250
    6.016476532    0.440986723    0.440987130
    6.144486671    0.440987742    0.440986996
    6.272496810    0.440986458    0.440986858
    6.400506949    0.440987509    0.440986701
    6.528517088    0.440986203    0.440986539
    6.656527227    0.440987201    0.440986353
    6.784537366    0.440985947    0.440986159
    6.912547505    0.440986811    0.440985935
    7.040557644    0.440985675    0.440985697
    7.168567783    0.440986331    0.440985422
    7.296577922    0.440985364    0.440985125
    7.424588061    0.440985747    0.440984780
    7.552598200    0.440984982    0.440984411
    7.680608339    0.440985040    0.440984002
    7.808618478    0.440984488    0.440983553
    7.936628616    0.440984183    0.440983042
    8.064638755    0.440983828    0.440982464
    8.192648894    0.440983132    0.440981794
    8.320659033    0.440982927    0.440981020
    8.448669172    0.440981821    0.440980116
    8.576679311    0.440981686    0.440979057
    8.704689450    0.440980158    0.440977814
    8.832699589    0.440979984    0.440976348
    8.960709728    0.440978235    0.440974620
    9.088719867    0.440978345    0.440972576
    9.216730006    0.440976133    0.440970162
    9.344740145    0.440975753    0.440967298
    9.472750284    0.440972894    0.440963912
    9.600760423    0.440971795    0.440959890
    9.728770562    0.440968149    0.440955128
    9.856780701    0.440966009    0.440949468
    9.984790840    0.440961333    0.440942760
   10.112800979    0.440957729    0.440934784
   10.240811118    0.440951647    0.440925321
   10.368821257    0.440946017    0.440914063
   10.496831396    0.440937958    0.440900684
   10.624841535    0.440929522    0.440884746
   10.752851674    0.440918622    0.440865799
   10.880861813    0.440906299    0.440843241
   11.008871952    0.440891312    0.440816418
   11.136882091    0.440873609    0.440784487
   11.264892230    0.440852750    0.440746509
   11.392902369    0.440827549    0.440701307
   11.520912508    0.440798232    0.440647539
   11.648922647    0.440762504    0.440583560
   11.776932786    0.440721052    0.440507476
   11.904942925    0.440670525    0.440416973
   12.032953064    0.440611760    0.440309351
   12.160963203    0.440540364    0.440181387
   12.288973342    0.440456910    0.440029283
   12.416983481    0.440355964    0.439848550
   12.544993620    0.440237387    0.439633870
   12.673003759    0.440094657    0.439378986
   12.801013898    0.439926363    0.439076468
   12.929024037    0.439724655    0.438717609
   13.057034176    0.439486218    0.438292047
   13.185044314    0.439201712    0.437787636
   13.313054453    0.438864459    0.437189887
   13.441064592    0.438462650    0.436481787
   13.569074731    0.437986338    0.435643003
   13.697084870    0.437420236    0.434649605
   13.825095009    0.436749452    0.433472945
   13.953105148    0.435953656    0.432079155
   14.081115287    0.435011279    0.430427544
   14.209125426    0.433894841    0.428469702
   14.337135565    0.432573804    0.426147259
   14.465145704    0.431010290    0.423390389
   14.593155843    0.429161066    0.420114712
   14.721165982    0.426972823    0.416218873
   14.849176121    0.424384224    0.411580321
   14.977186260    0.421319712    0.406051484
   15.105196399    0.417692215    0.399453896
   15.233206538    0.413393732    0.391572319
   15.361216677    0.408298797    0.382149588
   15.489226816    0.402250326    0.370887058
   15.617236955    0.395064298    0.357449194
   15.745247094    0.386510170    0.341469251
   15.873257233    0.376316643    0.322565595
   16.001267372    0.364145645    0.300348581
   16.129277511    0.349597424    0.274399199
   16.257287650    0.332177759    0.244242859
   16.385297789    0.311299396    0.209310425
   16.513307928    0.286241831    0.168880376
   16.641318067    0.256143964    0.122088639
   16.769328206    0.220026634    0.068054149
   16.897338345    0.176915460    0.006131645
   17.025348484    0.125940417   -0.063804705
   17.153358623    0.066356145   -0.141049697
   17.281368762   -0.002210276   -0.223926289
   17.409378901   -0.079981033   -0.309878616
   17.537389040   -0.167674726   -0.395716520
   17.665399179   -0.266623011   -0.478159408
   17.793409318   -0.379061741   -0.554423930
   17.921419457   -0.508571413   -0.622530283
   18.049429596   -0.658517751   -0.681412873
   18.177439735   -0.829399522   -0.730850386
   18.305449874   -1.015918810   -0.771168644
   18.433460012   -1.206285713   -0.802962872
   18.561470151   -1.381570523   -0.826842875
   18.689480290   -1.519651445   -0.843286904
   18.817490429   -1.600586888   -0.852629285
   18.945500568   -1.610126142   -0.855119578
   19.073510707   -1.546588991   -0.850953336
   19.201520846   -1.421906241   -0.840271702
   19.329530985   -1.255146743   -0.823153476
   19.457541124   -1.068057724   -0.799555417
   19.585551263   -0.880918838   -0.769306659
   19.713561402   -0.707293308   -0.732213064
   19.841571541   -0.554351777   -0.688301479
   19.969581680   -0.423299655   -0.638078608
   20.097591819   -0.311856519   -0.582833473
   20.225601958   -0.217085042   -0.524785657
   20.353612097   -0.137257770   -0.467028565
   20.481622236   -0.071851169   -0.413309256
   20.609632375   -0.020945421   -0.367551665
   20.737642514    0.014657462   -0.333289280
   20.865652653    0.034183928   -0.313291490
   20.993662792    0.037203691   -0.309237107
   21.121672931    0.023753164   -0.321511435
   21.249683070   -0.005952363   -0.349195331
   21.377693209   -0.051159669   -0.390124451
   21.505703348   -0.110932414   -0.441193285
   21.633713487   -0.184551673   -0.498687816
   21.761723626   -0.272173780   -0.558724197
   21.889733765   -0.374582044   -0.617791776
   22.017743904   -0.494164394   -0.673111617
   22.145754043   -0.633871391   -0.722789854
   22.273764182   -0.795197570   -0.765833406
   22.401774321   -0.974806918   -0.801929881
   22.529784460   -1.163228374   -0.831163715
   22.657794599   -1.344022906   -0.853765869
   22.785804738   -1.495721552   -0.869916963
   22.913814877   -1.597882834   -0.879702062
   23.041825016   -1.634230729   -0.883149340
   23.169835155   -1.597921805   -0.880283838
   23.297845294   -1.495812096   -0.871123717
   23.425855433   -1.344207496   -0.855683816
   23.553865571   -1.163544875   -0.833923025
   23.681875710   -0.975344248   -0.805703365
   23.809885849   -0.796034979   -0.770837859
   23.937895988   -0.635174496   -0.729285474
   24.065906127   -0.496096373   -0.681406144
   24.193916266   -0.377427542   -0.628243371
   24.321926405   -0.276216940   -0.571764531
   24.449936544   -0.190219807   -0.514848631
   24.577946683   -0.118645130   -0.461166571
   24.705956822   -0.061490981   -0.414809158
   24.833966961   -0.019464331   -0.379665878
   24.961977100    0.006333808   -0.358858358
   25.089987239    0.015180774   -0.354270376
   25.217997378    0.006709069   -0.366204604
   25.346007517   -0.019102055   -0.393315977
   25.474017656   -0.062003794   -0.432877686
   25.602027795   -0.121279129   -0.481199188
   25.730037934   -0.196708222   -0.534195614
   25.858048073   -0.288817125   -0.588071888
   25.986058212   -0.399543362   -0.639794111
   26.114068351   -0.531701297   -0.687235044
   26.242078490   -0.687516657   -0.729195522
   26.370088629   -0.865634544   -0.765194271
   26.498098768   -1.058021292   -0.795160344
   26.626108907   -1.249831481   -0.819184089
   26.754119046   -1.419596567   -0.837317354
   26.882129185   -1.545093792   -0.849490962
   27.010139324   -1.607490924   -0.855497306
   27.138149463   -1.596345343   -0.855075931
   27.266159602   -1.515371253   -0.847921629
   27.394169741   -1.379830935   -0.833678153
   27.522179880   -1.209786575   -0.811891506
   27.650190019   -1.026581970   -0.781987426
   27.778200158   -0.847435561   -0.743281061
   27.906210297   -0.682885883   -0.695117714
   28.034220436   -0.537365345   -0.637157202
   28.162230575   -0.410356028   -0.569664263
   28.290240714   -0.299095053   -0.493798034
   28.418250853   -0.200149706   -0.411648490
   28.546260992   -0.111587490   -0.326096783
   28.674271131   -0.032159290   -0.240453539
   28.802281269    0.038782839   -0.157849542
   28.930291408    0.101549506   -0.080734824
   29.058301547    0.156092552   -0.010675100
   29.186311686    0.202729726    0.051703999
   29.314321825    0.242122445    0.106533238
   29.442331964    0.275070472    0.154410149
   29.570342103    0.302506132    0.196129909
   29.698352242    0.325326703    0.232471337
   29.826362381    0.344345703    0.264096275
   29.954372520    0.360198342    0.291521818
   30.082382659    0.373449270    0.315183089
   30.210392798    0.384520680    0.335464180
   30.338402937    0.393807583    0.352722383
   30.466413076    0.401587073    0.367303832
   30.594423215    0.408137315    0.379557731
   30.722433354    0.413636937    0.389821107
   30.850443493    0.418283062    0.398403007
   30.978453632    0.422189136    0.405578775
   31.106463771    0.425496805    0.411583916
   31.234473910    0.428278531    0.416615527
   31.362484049    0.430637791    0.420836013
   31.490494188    0.432621725    0.424380403
   31.618504327    0.434305822    0.427359873
   31.746514466    0.435721497    0.429867213
   31.874524605    0.436922826    0.431978760
   32.002534744    0.437932243    0.433758531
   32.130544883    0.438787360    0.435259198
   32.258555022    0.439506156    0.436525253
   32.386565161    0.440113139    0.437593365
   32.514575300    0.440624380    0.438494772
   32.642585439    0.441053737    0.439255275
   32.770595578    0.441416893    0.439896999
   32.898605717    0.441719308    0.440438231
   33.026615856    0.441977080    0.440894705
   33.154625995    0.442189496    0.441279452
   33.282636134    0.442373164    0.441603692
   33.410646273    0.442521802    0.441876765
   33.538656412    0.442652671    0.442106686
   33.666666551    0.442756205    0.442300179
   33.794676690    0.442849633    0.442462951
   33.922686829    0.442921496    0.442599849
   34.050696967    0.442988372    0.442714915
   34.178707106    0.443038172    0.442811655
   34.306717245    0.443086129    0.442892915
   34.434727384    0.443120645    0.442961235
   34.562737523    0.443154992    0.443018602
   34.690747662    0.443179018    0.443066844
   34.818757801    0.443203499    0.443107317
   34.946767940    0.443220439    0.443141364
   35.074778079    0.443237695    0.443169912
   35.202788218    0.443249910    0.443193943
   35.330798357    0.443261794    0.443214080
   35.458808496    0.443270901    0.443231042
   35.586818635    0.443278755    0.443245244
   35.714828774    0.443285862    0.443257216
   35.842838913    0.443290687    0.443267253
   35.970849052    0.443296513    0.443275726
   36.098859191    0.443299059    0.443282834
   36.226869330    0.443304040    0.443288838
   36.354879469    0.443304893    0.443293882
   36.482889608    0.443309271    0.443298141
   36.610899747    0.443308914    0.443301730
   36.738909886    0.443312793    0.443304756
   36.866920025    0.443311622    0.443307317
   36.994930164    0.443315006    0.443309471
   37.122940303    0.443313542    0.443311308
   37.250950442    0.443316974    0.443312848
   37.378960581    0.443315520    0.443314175
   37.506970720    0.443318474    0.443315282
   37.634980859    0.443317105    0.443316252
   37.762990998    0.443319516    0.443317058
   37.891001137    0.443318409    0.443317779
   38.019011276    0.443320224    0.443318380
   38.147021415    0.443319508    0.443318933
   38.275031554    0.443320695    0.443319398
   38.403041693    0.443320453    0.443319840
   38.531051832    0.443321005    0.443320222
   38.659061971    0.443321272    0.443320589
   38.787072110    0.443321212    0.443320896
   38.915082249    0.443321978    0.443321187
   39.043092388    0.443321362    0.443321434
   39.171102527    0.443322581    0.443321669
   39.299112665    0.443321491    0.443321874
   39.427122804    0.443323084    0.443322066
   39.555132943    0.443321628    0.443322240
   39.683143082    0.443323489    0.443322399
   39.811153221    0.443321789    0.443322550
   39.939163360    0.443323798    0.443322685
   40.067173499    0.443321988    0.443322819
   40.195183638    0.443324017    0.443322934
   40.323193777    0.443322230    0.443323055
   40.451203916    0.443324152    0.443323155
   40.579214055    0.443322515    0.443323266
   40.707224194    0.443324214    0.443323354
   40.835234333    0.443322836    0.443323455
   40.963244472    0.443324213    0.443323534
   41.091254611    0.443323186    0.443323627
   41.219264750    0.443324166    0.443323699
   41.347274889    0.443323552    0.443323784
   41.475285028    0.443324087    0.443323850
   41.603295167    0.443323921    0.443323929
   41.731305306    0.443323993    0.443323991
   41.859315445    0.443324277    0.443324062
   41.987325584    0.443323900    0.443324121
   42.115335723    0.443324606    0.443324185
   42.243345862    0.443323822    0.443324241
   42.371356001    0.443324896    0.443324299
   42.499366140    0.443323772    0.443324353
   42.627376279    0.443325136    0.443324404
   42.755386418    0.443323760    0.443324456
   42.883396557    0.443325319    0.443324501
   43.011406696    0.443323793    0.443324550
   43.139416835    0.443325441    0.443324590
   43.267426974    0.443323872    0.443324637
   43.395437113    0.443325500    0.443324671
   43.523447252    0.443323998    0.443324715
   43.651457391    0.443325500    0.443324745
   43.779467530    0.443324166    0.443324786
   43.907477669    0.443325447    0.443324812
   44.035487808    0.443324368    0.443324850
   44.163497947    0.443325350    0.443324872
   44.291508086    0.443324595    0.443318135
   44.419518225    0.443325220    0.443300100
   44.547528363    0.443324833    0.443270790
   44.675538502    0.443325071    0.443230185
   44.803548641    0.443325072    0.443178302
   44.931558780    0.443324914    0.443115126
   45.059568919    0.443325296    0.443040670
   45.187579058    0.443324764    0.442954923
   45.315589197    0.443325494    0.442857894
   45.443599336    0.443324632    0.442756347
   45.571609475    0.443325655    0.442654799
   45.699619614    0.443168807    0.442553251
   45.827629753    0.442910515    0.442451698
   45.955639892    0.442649668    0.442350148
