    0.000000000    0.505736330    0.505895602
    0.127267681    0.506027419    0.506008587
    0.254535363    0.506313700    0.506121539
    0.381803044    0.506604783    0.506234519
    0.509070726    0.506891166    0.506347465
    0.636338407    0.507182032    0.506460440
    0.763606088    0.507295503    0.506573382
    0.890873770    0.507297258    0.506686350
    1.018141451    0.507295738    0.506799288
    1.145409132    0.507296917    0.506904717
    1.272676814    0.507296027    0.506997570
    1.399944495    0.507296514    0.507077886
    1.527212177    0.507296341    0.507145633
    1.654479858    0.507296080    0.507200835
    1.781747539    0.507296649    0.507243476
    1.909015221    0.507295648    0.507273564
    2.036282902    0.507296917    0.507291101
    2.163550583    0.507295248    0.507296074
    2.290818265    0.507297116    0.507296037
    2.418085946    0.507294911    0.507295979
    2.545353628    0.507297218    0.507295940
    2.672621309    0.507294658    0.507295873
    2.799888990    0.507297205    0.507295832
    2.927156672    0.507294505    0.507295756
    3.054424353    0.507297066    0.507295711
    3.181692034    0.507294457    0.507295628
    3.308959716    0.507296799    0.507295578
    3.436227397    0.507294510    0.507295489
    3.563495079    0.507296415    0.507295431
    3.690762760    0.507294648    0.507295337
    3.818030441    0.507295930    0.507295271
    3.945298123    0.507294849    0.507295172
    4.072565804    0.507295373    0.507295096
    4.199833485    0.507295080    0.507294994
    4.327101167    0.507294773    0.507294905
    4.454368848    0.507295307    0.507294800
    4.581636530    0.507294168    0.507294698
    4.708904211    0.507295492    0.507294590
    4.836171892    0.507293592    0.507294472
    4.963439574    0.507295600    0.507294360
    5.090707255    0.507293076    0.507294226
    5.217974936    0.507295597    0.507294107
    5.345242618    0.507292645    0.507293956
    5.472510299    0.507295458    0.507293828
    5.599777981    0.507292317    0.507293657
    5.727045662    0.507295165    0.507293515
    5.854313343    0.507292094    0.507293323
    5.981581025    0.507294711    0.507293162
    6.108848706    0.507291969    0.507292945
    6.236116388    0.507294098    0.507292758
    6.363384069    0.507291921    0.507292511
    6.490651750    0.507293337    0.507292288
    6.617919432    0.507291915    0.507292004
    6.745187113    0.507292444    0.507291733
    6.872454794    0.507291904    0.507291400
    6.999722476    0.507291440    0.507291063
    7.126990157    0.507291828    0.507290666
    7.254257839    0.507290345    0.507290241
    7.381525520    0.507291620    0.507289756
    7.508793201    0.507289168    0.507289218
    7.636060883    0.507291199    0.507288638
    7.763328564    0.507287906    0.507287993
    7.890596245    0.507290478    0.507287299
    8.017863927    0.507286533    0.507286493
    8.145131608    0.507289355    0.507285614
    8.272399290    0.507284991    0.507284565
    8.399666971    0.507287712    0.507283404
    8.526934652    0.507283176    0.507282000
    8.654202334    0.507285403    0.507280422
    8.781470015    0.507280926    0.507278511
    8.908737696    0.507282338    0.507276331
    9.036005378    0.507278628    0.507273697
    9.163273059    0.507279262    0.507270659
    9.290540741    0.507275960    0.507267003
    9.417808422    0.507274803    0.507262746
    9.545076103    0.507271698    0.507257650
    9.672343785    0.507268323    0.507251672
    9.799611466    0.507265190    0.507244544
    9.926879147    0.507259165    0.507236141
   10.054146829    0.507255538    0.507226154
   10.181414510    0.507246377    0.507214340
   10.308682192    0.507241492    0.507200328
   10.435949873    0.507228588    0.507183714
   10.563217554    0.507221312    0.507164012
   10.690485236    0.507203832    0.507140610
   10.817752917    0.507192565    0.507112894
   10.945020598    0.507169309    0.507079983
   11.072288280    0.507151859    0.507041041
   11.199555961    0.507121058    0.506994825
   11.326823643    0.507094452    0.506940170
   11.454091324    0.507053473    0.506875357
   11.581359005    0.507013679    0.506798752
   11.708626687    0.506958642    0.506708018
   11.835894368    0.506900210    0.506600828
   11.963162050    0.506825485    0.506473986
   12.090429731    0.506741011    0.506324211
   12.217697412    0.506638497    0.506147183
   12.344965094    0.506517850    0.505938305
   12.472232775    0.506376039    0.505691745
   12.599500456    0.506205360    0.505401097
   12.726768138    0.506008128    0.505058475
   12.854035819    0.505768449    0.504654994
   12.981303501    0.505493623    0.504179964
   13.108571182    0.505159512    0.503621087
   13.235838863    0.504776108    0.502963798
   13.363106545    0.504311225    0.502191072
   13.490374226    0.503776475    0.501282944
   13.617641907    0.503132189    0.500215815
   13.744909589    0.502388389    0.498962143
   13.872177270    0.501498433    0.497489098
   13.999444952    0.500466951    0.495758350
   14.126712633    0.499240751    0.493723926
   14.253980314    0.497814375    0.491332008
   14.381247996    0.496127786    0.488517853
   14.508515677    0.494159506    0.485205462
   14.635783358    0.491841006    0.481303401
   14.763051040    0.489127500    0.476704129
   14.890318721    0.485938542    0.471278402
   15.017586403    0.482197047    0.464873731
   15.144854084    0.477804055    0.457306820
   15.272121765    0.472637804    0.448360068
   15.399389447    0.466568840    0.437770595
   15.526657128    0.459413603    0.425222523
   15.653924809    0.450994010    0.410329719
   15.781192491    0.441042891    0.392619741
   15.908460172    0.429308628    0.371504612
   16.035727854    0.415412121    0.346247335
   16.162995535    0.398992831    0.315906755
   16.290263216    0.379519518    0.279266979
   16.417530898    0.356469033    0.234747065
   16.544798579    0.329093247    0.180383359
   16.672066260    0.296613078    0.114020862
   16.799333942    0.257940556    0.033665294
   16.926601623    0.211861303   -0.061958075
   17.053869305    0.156706254   -0.172836221
   17.181136986    0.090484879   -0.297237143
   17.308404667    0.010479835   -0.431684598
   17.435672349   -0.086757874   -0.571258112
   17.562940030   -0.205992341   -0.710138419
   17.690207712   -0.353587340   -0.842513863
   17.817475393   -0.538019471   -0.963467811
   17.944743074   -0.768168202   -1.069503592
   18.072010756   -1.048533381   -1.158822392
   18.199278437   -1.375540250   -1.231285433
   18.326546118   -1.732768658   -1.287974245
   18.453813800   -2.090783740   -1.330628581
   18.581081481   -2.410227204   -1.361086997
   18.708349163   -2.651248580   -1.380936361
   18.835616844   -2.780882183   -1.391302387
   18.962884525   -2.778834949   -1.392843894
   19.090152207   -2.645642366   -1.385788666
   19.217419888   -2.402421289   -1.369935296
   19.344687569   -2.082353948   -1.344618509
   19.471955251   -1.725239153   -1.308728834
   19.599222932   -1.370036857   -1.260938235
   19.726490614   -1.045902110   -1.200078846
   19.853758295   -0.769188443   -1.125733627
   19.981025976   -0.543837311   -1.038838060
   20.108293658   -0.366050484   -0.942157660
   20.235561339   -0.227938773   -0.840376556
   20.362829020   -0.122212528   -0.739879772
   20.490096702   -0.043722099   -0.648286974
   20.617364383    0.011040173   -0.573467876
   20.744632065    0.044266638   -0.522389239
   20.871899746    0.057294326   -0.500143223
   20.999167427    0.050650396   -0.509081023
   21.126435109    0.024225678   -0.548342097
   21.253702790   -0.022828611   -0.614033245
   21.380970471   -0.092185708   -0.699968086
   21.508238153   -0.186577988   -0.798598860
   21.635505834   -0.310283194   -0.902070369
   21.762773516   -0.469456150   -1.003344079
   21.890041197   -0.672200603   -1.096888274
   22.017308878   -0.924803111   -1.178980011
   22.144576560   -1.227612635   -1.247813448
   22.271844241   -1.570695572   -1.303201204
   22.399111923   -1.930808566   -1.346024633
   22.526379604   -2.273041559   -1.377627679
   22.653647285   -2.556798497   -1.399334643
   22.780914967   -2.745689808   -1.412168918
   22.908182648   -2.812345096   -1.416728799
   23.035450329   -2.745895198   -1.413236169
   23.162718011   -2.557234112   -1.401540892
   23.289985692   -2.273729004   -1.381117510
   23.417253374   -1.931832057   -1.351017253
   23.544521055   -1.572128879   -1.309995170
   23.671788736   -1.229651746   -1.256793242
   23.799056418   -0.927644546   -1.190629191
   23.926324099   -0.676219648   -1.111808598
   24.053591780   -0.475034505   -1.022289663
   24.180859462   -0.318016938   -0.925998514
   24.308127143   -0.197062958   -0.828749995
   24.435394825   -0.106247509   -0.737919061
   24.562662506   -0.041291828   -0.661586704
   24.689930187    0.000281636   -0.607262596
   24.817197869    0.020105317   -0.580641480
   24.944465550    0.018704810   -0.584620714
   25.071733231   -0.003968310   -0.618617561
   25.199000913   -0.048922402   -0.678741041
   25.326268594   -0.117934916   -0.758571765
   25.453536276   -0.214106055   -0.850271794
   25.580803957   -0.342102062   -0.945934409
   25.708071638   -0.508973872   -1.038726738
   25.835339320   -0.723233612   -1.123519974
   25.962607001   -0.990251007   -1.197101643
   26.089874682   -1.307779606   -1.258093292
   26.217142364   -1.661443355   -1.306528891
   26.344410045   -2.023354442   -1.343314370
   26.471677727   -2.354056345   -1.369629767
   26.598945408   -2.612491800   -1.386543118
   26.726213089   -2.763751193   -1.394754516
   26.853480771   -2.785320319   -1.394526230
   26.980748452   -2.675274650   -1.385693130
   27.108016133   -2.452240486   -1.367665338
   27.235283815   -2.147307407   -1.339384157
   27.362551496   -1.798625896   -1.299295487
   27.489819178   -1.444099741   -1.245517869
   27.617086859   -1.113737144   -1.176192328
   27.744354540   -0.825960700   -1.090027204
   27.871622222   -0.586549325   -0.986895607
   27.998889903   -0.392975373   -0.868348488
   28.126157585   -0.237784569   -0.737690059
   28.253425266   -0.112684337   -0.599716552
   28.380692947   -0.010944741   -0.460181170
   28.507960629    0.072537138   -0.324902596
   28.635228310    0.141493310   -0.198874426
   28.762495991    0.198805793   -0.085725537
   28.889763673    0.246634212    0.012584475
   29.017031354    0.286707828    0.095753279
   29.144299036    0.320354505    0.164790476
   29.271566717    0.348672281    0.221513255
   29.398834398    0.372527386    0.267994996
   29.526102080    0.392652069    0.306203914
   29.653369761    0.409639479    0.337787549
   29.780637442    0.423993459    0.364036302
   29.907905124    0.436132552    0.385950406
   30.035172805    0.446407417    0.404310656
   30.162440487    0.455117058    0.419737381
   30.289708168    0.462504366    0.432727293
   30.416975849    0.468782748    0.443684600
   30.544243531    0.474118389    0.452939447
   30.671511212    0.478663220    0.460765383
   30.798778893    0.482530722    0.467388911
   30.926046575    0.485829730    0.472999837
   31.053314256    0.488639040    0.477756501
   31.180581938    0.491036978    0.481792303
   31.307849619    0.493079663    0.485218879
   31.435117300    0.494822882    0.488130415
   31.562384982    0.496307987    0.490605858
   31.689652663    0.497573776    0.492711797
   31.816920344    0.498652256    0.494504157
   31.944188026    0.499569314    0.496030119
   32.071455707    0.500351042    0.497329528
   32.198723389    0.501013428    0.498436032
   32.325991070    0.501578668    0.499378265
   32.453258751    0.502055355    0.500180405
   32.580526433    0.502462919    0.500863186
   32.707794114    0.502804716    0.501444072
   32.835061795    0.503097883    0.501938155
   32.962329477    0.503342607    0.502358103
   33.089597158    0.503553654    0.502714945
   33.216864840    0.503728646    0.503017900
   33.344132521    0.503879873    0.503275044
   33.471400202    0.504004778    0.503493097
   33.598667884    0.504112812    0.503677966
   33.725935565    0.504202089    0.503834557
   33.853203247    0.504278955    0.503967179
   33.980470928    0.504343001    0.504079414
   34.107738609    0.504397353    0.504174387
   34.235006291    0.504443583    0.504254715
   34.362273972    0.504481674    0.504322641
   34.489541653    0.504515359    0.504380062
   34.616809335    0.504541734    0.504428558
   34.744077016    0.504566565    0.504469536
   34.871344698    0.504584526    0.504504110
   34.998612379    0.504603045    0.504533319
   35.125880060    0.504615020    0.504557935
   35.253147742    0.504628963    0.504578728
   35.380415423    0.504636763    0.504596225
   35.507683104    0.504647299    0.504611030
   35.634950786    0.504652271    0.504623495
   35.762218467    0.504660162    0.504634053
   35.889486149    0.504663309    0.504642941
   36.016753830    0.504669060    0.504650475
   36.144021511    0.504671127    0.504656819
   36.271289193    0.504675074    0.504662200
   36.398556874    0.504676598    0.504666738
   36.525824555    0.504678974    0.504670589
   36.653092237    0.504680319    0.504673846
   36.780359918    0.504681404    0.504676611
   36.907627600    0.504683500    0.504678965
   37.034895281    0.504684061    0.504680960
   37.162162962    0.504686414    0.504682678
   37.289430644    0.504686086    0.504684134
   37.416698325    0.504688644    0.504685409
   37.543966006    0.504687641    0.504686489
   37.671233688    0.504690341    0.504687459
   37.798501369    0.504688891    0.504688285
   37.925769051    0.504691614    0.504689050
   38.053036732    0.504689952    0.504689710
   38.180304413    0.504692545    0.504690345
   38.307572095    0.504690900    0.504690902
   38.434839776    0.504693201    0.504691426
   38.562107457    0.504691783    0.504691871
   38.689375139    0.504693640    0.504692292
   38.816642820    0.504692625    0.504692653
   38.943910502    0.504693915    0.504692996
   39.071178183    0.504693433    0.504693297
   39.198445864    0.504694072    0.504693581
   39.325713546    0.504694200    0.504693838
   39.452981227    0.504694159    0.504694076
   39.580248909    0.504694912    0.504694300
   39.707516590    0.504694217    0.504694502
   39.834784271    0.504695552    0.504694702
   39.962051953    0.504694284    0.504694875
   40.089319634    0.504696102    0.504695057
   40.216587315    0.504694388    0.504695207
   40.343854997    0.504696546    0.504695374
   40.471122678    0.504694554    0.504695506
   40.598390360    0.504696875    0.504695660
   40.725658041    0.504694795    0.504695778
   40.852925722    0.504697086    0.504695920
   40.980193404    0.504695114    0.504696028
   41.107461085    0.504697184    0.504696158
   41.234728766    0.504695508    0.504696258
   41.361996448    0.504697182    0.504696376
   41.489264129    0.504695962    0.504696470
   41.616531811    0.504697100    0.504696578
   41.743799492    0.504696456    0.504696667
   41.871067173    0.504696962    0.504696764
   41.998334855    0.504696963    0.504696850
   42.125602536    0.504696798    0.504696935
   42.252870217    0.504697456    0.504697019
   42.380137899    0.504696638    0.504697093
   42.507405580    0.504697906    0.504697175
   42.634673262    0.504696510    0.504697239
   42.761940943    0.504698287    0.504697318
   42.889208624    0.504696440    0.504697373
   43.016476306    0.504698577    0.504697449
   43.143743987    0.504696445    0.504697496
   43.271011668    0.504698763    0.504697567
   43.398279350    0.504696538    0.504697607
   43.525547031    0.504698836    0.504697674
   43.652814713    0.504696720    0.504697708
   43.780082394    0.504698801    0.504697769
   43.907350075    0.504696985    0.504697799
   44.034617757    0.504698666    0.504705383
   44.161885438    0.504697319    0.504725494
   44.289153119    0.504698451    0.504758174
   44.416420801    0.504697701    0.504803387
   44.543688482    0.504698181    0.504861162
   44.670956164    0.504698102    0.504931478
   44.798223845    0.504697884    0.505014348
   44.925491526    0.504698493    0.505109767
   45.052759208    0.504697591    0.505217732
   45.180026889    0.504698845    0.505330723
   45.307294571    0.504697332    0.505443699
   45.434562252    0.504872347    0.505556688
   45.561829933    0.505159051    0.505669656
   45.689097615    0.505449937    0.505782643
