    0.000000000    0.535428160    0.535614350
    0.127438607    0.535768145    0.535747248
    0.254877214    0.536107439    0.535880142
    0.382315821    0.536447349    0.536013035
    0.509754428    0.536786722    0.536145924
    0.637193035    0.537126533    0.536278813
    0.764631643    0.537262230    0.536411698
    0.892070250    0.537262301    0.536544582
    1.019508857    0.537262261    0.536677461
    1.146947464    0.537262207    0.536801481
    1.274386071    0.537262284    0.536910730
    1.401824678    0.537262103    0.537005213
    1.529263285    0.537262295    0.537084924
    1.656701892    0.537261996    0.537149869
    1.784140499    0.537262288    0.537200043
    1.911579106    0.537261888    0.537235451
    2.039017714    0.537262261    0.537256088
    2.166456321    0.537261785    0.537261957
    2.293894928    0.537262208    0.537261918
    2.421333535    0.537261688    0.537261875
    2.548772142    0.537262128    0.537261831
    2.676210749    0.537261599    0.537261782
    2.803649356    0.537262020    0.537261734
    2.931087963    0.537261520    0.537261680
    3.058526570    0.537261883    0.537261626
    3.185965177    0.537261448    0.537261566
    3.313403784    0.537261718    0.537261508
    3.440842392    0.537261381    0.537261442
    3.568280999    0.537261529    0.537261378
    3.695719606    0.537261315    0.537261306
    3.823158213    0.537261320    0.537261236
    3.950596820    0.537261245    0.537261158
    4.078035427    0.537261094    0.537261082
    4.205474034    0.537261165    0.537260997
    4.332912641    0.537260857    0.537260914
    4.460351248    0.537261067    0.537260823
    4.587789855    0.537260614    0.537260731
    4.715228462    0.537260946    0.537260632
    4.842667070    0.537260370    0.537260531
    4.970105677    0.537260795    0.537260424
    5.097544284    0.537260128    0.537260311
    5.224982891    0.537260607    0.537260194
    5.352421498    0.537259889    0.537260069
    5.479860105    0.537260378    0.537259939
    5.607298712    0.537259654    0.537259798
    5.734737319    0.537260101    0.537259654
    5.862175926    0.537259419    0.537259494
    5.989614533    0.537259773    0.537259329
    6.117053141    0.537259176    0.537259145
    6.244491748    0.537259389    0.537258955
    6.371930355    0.537258915    0.537258739
    6.499368962    0.537258946    0.537258515
    6.626807569    0.537258620    0.537258259
    6.754246176    0.537258436    0.537257988
    6.881684783    0.537258270    0.537257679
    7.009123390    0.537257850    0.537257345
    7.136561997    0.537257839    0.537256964
    7.264000604    0.537257171    0.537256544
    7.391439211    0.537257288    0.537256064
    7.518877819    0.537256373    0.537255532
    7.646316426    0.537256572    0.537254943
    7.773755033    0.537255419    0.537254285
    7.901193640    0.537255629    0.537253539
    8.028632247    0.537254249    0.537252687
    8.156070854    0.537254376    0.537251707
    8.283509461    0.537252778    0.537250567
    8.410948068    0.537252700    0.537249245
    8.538386675    0.537250880    0.537247691
    8.665825282    0.537250452    0.537245879
    8.793263890    0.537248381    0.537243736
    8.920702497    0.537247531    0.537241226
    9.048141104    0.537245620    0.537238251
    9.175579711    0.537244251    0.537234753
    9.303018318    0.537241774    0.537230602
    9.430456925    0.537239330    0.537225709
    9.557895532    0.537236085    0.537219900
    9.685334139    0.537232217    0.537213038
    9.812772746    0.537227868    0.537204891
    9.940211353    0.537222116    0.537195250
   10.067649960    0.537216147    0.537183805
   10.195088568    0.537207896    0.537170243
   10.322527175    0.537199551    0.537154142
   10.449965782    0.537187946    0.537135042
   10.577404389    0.537176125    0.537112348
   10.704842996    0.537159952    0.537085407
   10.832281603    0.537143090    0.537053422
   10.959720210    0.537120640    0.537015451
   11.087158817    0.537096546    0.536970390
   11.214597424    0.537065392    0.536916908
   11.342036031    0.537030972    0.536853471
   11.469474639    0.536987631    0.536778208
   11.596913246    0.536938530    0.536688997
   11.724351853    0.536878062    0.536583239
   11.851790460    0.536808222    0.536457962
   11.979229067    0.536723663    0.536309558
   12.106667674    0.536624615    0.536133916
   12.234106281    0.536506102    0.535926073
   12.361544888    0.536365996    0.535680351
   12.488983495    0.536199695    0.535389936
   12.616422102    0.536002118    0.535046997
   12.743860709    0.535768816    0.534642190
   12.871299317    0.535491080    0.534164726
   12.998737924    0.535164282    0.533601792
   13.126176531    0.534775476    0.532938502
   13.253615138    0.534318166    0.532157227
   13.381053745    0.533774664    0.531237366
   13.508492352    0.533136358    0.530154569
   13.635930959    0.532379554    0.528880235
   13.763369566    0.531491487    0.527380571
   13.890808173    0.530441097    0.525615657
   14.018246780    0.529208944    0.523538241
   14.145685387    0.527754839    0.521092244
   14.273123995    0.526049294    0.518211245
   14.400562602    0.524040151    0.514816350
   14.528001209    0.521682855    0.510814298
   14.655439816    0.518908755    0.506094497
   14.782878423    0.515651416    0.500526494
   14.910317030    0.511819336    0.493955668
   15.037755637    0.507314934    0.486199491
   15.165194244    0.502013815    0.477041224
   15.292632851    0.495772972    0.466224025
   15.420071458    0.488419133    0.453441235
   15.547510066    0.479744199    0.438326706
   15.674948673    0.469505838    0.420445733
   15.802387280    0.457408484    0.399297739
   15.929825887    0.443117089    0.374322838
   16.057264494    0.426220049    0.344915332
   16.184703101    0.406254110    0.310429862
   16.312141708    0.382645664    0.270174975
   16.439580315    0.354744272    0.223404890
   16.567018922    0.321739432    0.169297404
   16.694457529    0.282695898    0.106939274
   16.821896136    0.236436935    0.035513723
   16.949334744    0.181574776   -0.045372774
   17.076773351    0.116492448   -0.135386361
   17.204211958    0.039645447   -0.233191628
   17.331650565   -0.050382571   -0.336435253
   17.459089172   -0.154689798   -0.441902227
   17.586527779   -0.274257055   -0.545880398
   17.713966386   -0.410210988   -0.644788225
   17.841404993   -0.563892618   -0.735703489
   17.968843600   -0.737157238   -0.816598843
   18.096282207   -0.932223184   -0.886434774
   18.223720815   -1.147014698   -0.945020755
   18.351159422   -1.371970291   -0.992707468
   18.478598029   -1.590568303   -1.030082994
   18.606036636   -1.780015313   -1.057674830
   18.733475243   -1.917194874   -1.075886291
   18.860913850   -1.982623330   -1.085042837
   18.988352457   -1.965277880   -1.085424000
   19.115791064   -1.868625905   -1.077278379
   19.243229671   -1.708405412   -1.060822431
   19.370668278   -1.505848860   -1.036219993
   19.498106885   -1.284486995   -1.003553576
   19.625545493   -1.064781654   -0.962806234
   19.752984100   -0.860357467   -0.914050576
   19.880422707   -0.678062317   -0.857773756
   20.007861314   -0.518119787   -0.795175812
   20.135299921   -0.379218146   -0.728432391
   20.262738528   -0.260983139   -0.660709026
   20.390177135   -0.163456535   -0.596015503
   20.517615742   -0.086907780   -0.538850751
   20.645054349   -0.031724179   -0.493611400
   20.772492956    0.001963451   -0.464044172
   20.899931564    0.014170354   -0.452766348
   21.027370171    0.004965671   -0.460854906
   21.154808778   -0.025634556   -0.487684951
   21.282247385   -0.077603434   -0.531020604
   21.409685992   -0.150815589   -0.587374658
   21.537124599   -0.244916640   -0.652488734
   21.664563206   -0.359557463   -0.721845827
   21.792001813   -0.494672301   -0.791262384
   21.919440420   -0.650488580   -0.857315185
   22.046879027   -0.828120852   -0.917525015
   22.174317634   -1.028359155   -0.970415626
   22.301756242   -1.246458906   -1.015322199
   22.429194849   -1.470523830   -1.052100973
   22.556633456   -1.681872686   -1.080825123
   22.684072063   -1.857077488   -1.101538738
   22.811510670   -1.974205562   -1.114248074
   22.938949277   -2.015743529   -1.118959960
   23.066387884   -1.974431296   -1.115709564
   23.193826491   -1.857563945   -1.104567441
   23.321265098   -1.682670960   -1.085633418
   23.448703705   -1.471733869   -1.059009680
   23.576142312   -1.248208221   -1.024763322
   23.703580920   -1.030887728   -0.982927443
   23.831019527   -0.831741458   -0.933742036
   23.958458134   -0.655689774   -0.877953554
   24.085896741   -0.502047704   -0.817110923
   24.213335348   -0.369918173   -0.753771963
   24.340773955   -0.259188969   -0.691470135
   24.468212562   -0.170157516   -0.634518525
   24.595651169   -0.103288630   -0.587576477
   24.723089776   -0.059189793   -0.554912204
   24.850528383   -0.038142590   -0.539638751
   24.977966991   -0.040454632   -0.543208550
   25.105405598   -0.066133940   -0.565059383
   25.232844205   -0.115194532   -0.602781219
   25.360282812   -0.187388755   -0.652559183
   25.487721419   -0.282492155   -0.709814327
   25.615160026   -0.400281415   -0.770063796
   25.742598633   -0.541263515   -0.829500683
   25.870037240   -0.705856496   -0.885228911
   25.997475847   -0.894764189   -0.935353343
   26.124914454   -1.106285669   -0.978852779
   26.252353061   -1.331381550   -1.015283464
   26.379791669   -1.553839243   -1.044509436
   26.507230276   -1.750777380   -1.066409937
   26.634668883   -1.898489969   -1.080747911
   26.762107490   -1.976634613   -1.087205184
   26.889546097   -1.972558094   -1.085445547
   27.016984704   -1.887785484   -1.075104278
   27.144423311   -1.736966568   -1.055795123
   27.271861918   -1.540938233   -1.027066850
   27.399300525   -1.323019453   -0.988394805
   27.526739132   -1.103775646   -0.939158687
   27.654177740   -0.897095548   -0.878744804
   27.781616347   -0.710339950   -0.806872164
   27.909054954   -0.544166155   -0.723914552
   28.036493561   -0.395907344   -0.631199952
   28.163932168   -0.263711795   -0.531052438
   28.291370775   -0.146917110   -0.426652525
   28.418809382   -0.044642976   -0.321706265
   28.546247989    0.043829143   -0.219833707
   28.673686596    0.119486785   -0.124000107
   28.801125203    0.183600526   -0.036250748
   28.928563810    0.237666517    0.042395986
   29.056002418    0.283233649    0.111825764
   29.183441025    0.321689163    0.172537486
   29.310879632    0.354185853    0.225356955
   29.438318239    0.381658399    0.271145193
   29.565756846    0.404902868    0.310652034
   29.693195453    0.424563370    0.344551525
   29.820634060    0.441205907    0.373492278
   29.948072667    0.455283334    0.398088001
   30.075511274    0.467206228    0.418923587
   30.202949881    0.477297043    0.436543375
   30.330388489    0.485855406    0.451438252
   30.457827096    0.493109260    0.464035721
   30.585265703    0.499274065    0.474697308
   30.712704310    0.504507829    0.483725368
   30.840142917    0.508963328    0.491373209
   30.967581524    0.512749993    0.497854252
   31.095020131    0.515976501    0.503348176
   31.222458738    0.518720205    0.508007118
   31.349897345    0.521058656    0.511959329
   31.477335952    0.523047612    0.515313631
   31.604774559    0.524741912    0.518161609
   31.732213167    0.526182695    0.520580956
   31.859651774    0.527408303    0.522636823
   31.987090381    0.528450154    0.524384485
   32.114528988    0.529334544    0.525870259
   32.241967595    0.530086191    0.527133576
   32.369406202    0.530722396    0.528207551
   32.496844809    0.531263104    0.529120504
   32.624283416    0.531719045    0.529896288
   32.751722023    0.532106759    0.530555347
   32.879160630    0.532432292    0.531114944
   33.006599237    0.532709713    0.531589891
   33.134037845    0.532942035    0.531992739
   33.261476452    0.533140326    0.532334246
   33.388915059    0.533305502    0.532623573
   33.516353666    0.533446870    0.532868536
   33.643792273    0.533564104    0.533075827
   33.771230880    0.533664753    0.533251111
   33.898669487    0.533747928    0.533399279
   34.026108094    0.533819517    0.533524426
   34.153546701    0.533878562    0.533630129
   34.280985308    0.533929402    0.533719332
   34.408423916    0.533971379    0.533794639
   34.535862523    0.534007411    0.533858148
   34.663301130    0.534037356    0.533911730
   34.790739737    0.534062832    0.533956884
   34.918178344    0.534084302    0.533994970
   35.045616951    0.534102236    0.534027051
   35.173055558    0.534117719    0.534054105
   35.300494165    0.534130259    0.534076885
   35.427932772    0.534141503    0.534096090
   35.555371379    0.534150195    0.534112274
   35.682809986    0.534158424    0.534125932
   35.810248594    0.534164371    0.534137448
   35.937687201    0.534170423    0.534147171
   36.065125808    0.534174414    0.534155378
   36.192564415    0.534178869    0.534162310
   36.320003022    0.534181474    0.534168168
   36.447441629    0.534184731    0.534173119
   36.574880236    0.534186354    0.534177312
   36.702318843    0.534188690    0.534180857
   36.829757450    0.534189652    0.534183869
   36.957196057    0.534191737    0.534186418
   37.084634665    0.534192694    0.534188592
   37.212073272    0.534194274    0.534190436
   37.339511879    0.534195014    0.534192019
   37.466950486    0.534196163    0.534193367
   37.594389093    0.534196789    0.534194534
   37.721827700    0.534197586    0.534195535
   37.849266307    0.534198168    0.534196413
   37.976704914    0.534198675    0.534197177
   38.104143521    0.534199256    0.534197860
   38.231582128    0.534199527    0.534198467
   38.359020735    0.534200128    0.534199021
   38.486459343    0.534200210    0.534199508
   38.613897950    0.534200836    0.534199945
   38.741336557    0.534200774    0.534200332
   38.868775164    0.534201418    0.534200681
   38.996213771    0.534201253    0.534200996
   39.123652378    0.534201902    0.534201281
   39.251090985    0.534201674    0.534201542
   39.378529592    0.534202306    0.534201778
   39.505968199    0.534202054    0.534201999
   39.633406806    0.534202648    0.534202200
   39.760845414    0.534202404    0.534202391
   39.888284021    0.534202938    0.534202565
   40.015722628    0.534202732    0.534202731
   40.143161235    0.534203187    0.534202884
   40.270599842    0.534203042    0.534203033
   40.398038449    0.534203401    0.534203169
   40.525477056    0.534203336    0.534203302
   40.652915663    0.534203588    0.534203426
   40.780354270    0.534203616    0.534203546
   40.907792877    0.534203755    0.534203659
   41.035231484    0.534203879    0.534203769
   41.162670092    0.534203907    0.534203873
   41.290108699    0.534204125    0.534203973
   41.417547306    0.534204048    0.534204069
   41.544985913    0.534204352    0.534204162
   41.672424520    0.534204184    0.534204251
   41.799863127    0.534204558    0.534204336
   41.927301734    0.534204316    0.534204419
   42.054740341    0.534204741    0.534204497
   42.182178948    0.534204448    0.534204574
   42.309617555    0.534204901    0.534204646
   42.437056162    0.534204581    0.534204717
   42.564494770    0.534205036    0.534204783
   42.691933377    0.534204718    0.534204849
   42.819371984    0.534205147    0.534204910
   42.946810591    0.534204857    0.534204970
   43.074249198    0.534205236    0.534205026
   43.201687805    0.534204998    0.534205080
   43.329126412    0.534205304    0.534205131
   43.456565019    0.534205138    0.534205180
   43.584003626    0.534205353    0.534205227
   43.711442233    0.534205276    0.534205270
   43.838880841    0.534205387    0.534205312
   43.966319448    0.534205408    0.534205350
   44.093758055    0.534205409    0.534214247
   44.221196662    0.534205531    0.534237907
   44.348635269    0.534205423    0.534276332
   44.476073876    0.534205642    0.534329519
   44.603512483    0.534205432    0.534397471
   44.730951090    0.534205735    0.534480186
   44.858389697    0.534205441    0.534577666
   44.985828304    0.534205810    0.534689909
   45.113266911    0.534205451    0.534816917
   45.240705519    0.534205862    0.534949828
   45.368144126    0.534205466    0.535082737
   45.495582733    0.534409665    0.535215644
   45.623021340    0.534748885    0.535348548
   45.750459947    0.535088917    0.535481450
