    0.000000000    0.369539360    0.370258079
    0.128151448    0.370851502    0.370771135
    0.256302897    0.372161638    0.371284198
    0.384454345    0.373473813    0.371797250
    0.512605794    0.374783939    0.372310307
    0.640757242    0.376096081    0.372823355
    0.768908691    0.376619573    0.373336407
    0.897060139    0.376620463    0.373849450
    1.025211588    0.376619614    0.374362497
    1.153363036    0.376620346    0.374841332
    1.281514485    0.376619672    0.375263162
    1.409665933    0.376620195    0.375627980
    1.537817382    0.376619741    0.375935791
    1.665968830    0.376620018    0.376186592
    1.794120279    0.376619813    0.376380383
    1.922271727    0.376619822    0.376517166
    2.050423176    0.376619880    0.376596937
    2.178574624    0.376619615    0.376619703
    2.306726073    0.376619932    0.376619658
    2.434877521    0.376619405    0.376619617
    2.563028970    0.376619962    0.376619565
    2.691180418    0.376619201    0.376619518
    2.819331867    0.376619959    0.376619460
    2.947483315    0.376619008    0.376619407
    3.075634764    0.376619918    0.376619340
    3.203786212    0.376618833    0.376619280
    3.331937661    0.376619832    0.376619206
    3.460089109    0.376618677    0.376619137
    3.588240558    0.376619697    0.376619055
    3.716392006    0.376618541    0.376618976
    3.844543455    0.376619509    0.376618884
    3.972694903    0.376618424    0.376618794
    4.100846352    0.376619269    0.376618691
    4.228997800    0.376618319    0.376618586
    4.357149249    0.376618976    0.376618470
    4.485300697    0.376618219    0.376618347
    4.613452146    0.376618633    0.376618215
    4.741603594    0.376618112    0.376618071
    4.869755042    0.376618241    0.376617919
    4.997906491    0.376617986    0.376617748
    5.126057939    0.376617801    0.376617569
    5.254209388    0.376617821    0.376617366
    5.382360836    0.376617315    0.376617153
    5.510512285    0.376617599    0.376616909
    5.638663733    0.376616780    0.376616650
    5.766815182    0.376617295    0.376616353
    5.894966630    0.376616186    0.376616035
    6.023118079    0.376616881    0.376615669
    6.151269527    0.376615521    0.376615273
    6.279420976    0.376616324    0.376614817
    6.407572424    0.376614761    0.376614317
    6.535723873    0.376615583    0.376613742
    6.663875321    0.376613870    0.376613104
    6.792026770    0.376614607    0.376612372
    6.920178218    0.376612797    0.376611551
    7.048329667    0.376613333    0.376610609
    7.176481115    0.376611470    0.376609542
    7.304632564    0.376611679    0.376608321
    7.432784012    0.376609787    0.376606925
    7.560935461    0.376609532    0.376605346
    7.689086909    0.376607612    0.376603555
    7.817238358    0.376606750    0.376601518
    7.945389806    0.376604761    0.376599181
    8.073541255    0.376603134    0.376596507
    8.201692703    0.376600986    0.376593416
    8.329844152    0.376598413    0.376589863
    8.457995600    0.376595951    0.376585741
    8.586147049    0.376592223    0.376580985
    8.714298497    0.376589214    0.376575454
    8.842449946    0.376584090    0.376569059
    8.970601394    0.376580552    0.376561614
    9.098752843    0.376574335    0.376552989
    9.226904291    0.376569474    0.376542945
    9.355055740    0.376561016    0.376531292
    9.483207188    0.376554069    0.376517721
    9.611358636    0.376542789    0.376501959
    9.739510085    0.376532891    0.376483608
    9.867661533    0.376517971    0.376462277
    9.995812982    0.376503956    0.376437450
   10.123964430    0.376484261    0.376408581
   10.252115879    0.376464586    0.376374990
   10.380267327    0.376438553    0.376335924
   10.508418776    0.376411160    0.376290475
   10.636570224    0.376376604    0.376237600
   10.764721673    0.376338725    0.376176132
   10.892873121    0.376292638    0.376104670
   11.021024570    0.376240599    0.376021662
   11.149176018    0.376178902    0.375925232
   11.277327467    0.376107810    0.375813323
   11.405478915    0.376024939    0.375683444
   11.533630364    0.375928220    0.375532868
   11.661781812    0.375816640    0.375358315
   11.789933261    0.375685558    0.375156195
   11.918084709    0.375535222    0.374922194
   12.046236158    0.375358211    0.374651556
   12.174387606    0.375155714    0.374338650
   12.302539055    0.374917383    0.373977221
   12.430690503    0.374644882    0.373559931
   12.558841952    0.374324912    0.373078553
   12.686993400    0.373958971    0.372523514
   12.815144849    0.373530769    0.371884008
   12.943296297    0.373040709    0.371147539
   13.071447746    0.372469529    0.370299898
   13.199599194    0.371815826    0.369324716
   13.327750643    0.371056541    0.368203253
   13.455902091    0.370186474    0.366913983
   13.584053540    0.369179776    0.365432141
   13.712204988    0.368025867    0.363729349
   13.840356437    0.366694948    0.361772841
   13.968507885    0.365168907    0.359525106
   14.096659334    0.363413012    0.356942727
   14.224810782    0.361399184    0.353976074
   14.352962230    0.359086153    0.350567752
   14.481113679    0.356432471    0.346652306
   14.609265127    0.353387459    0.342154119
   14.737416576    0.349891908    0.336986893
   14.865568024    0.345882000    0.331050787
   14.993719473    0.341275840    0.324231443
   15.121870921    0.335991500    0.316396044
   15.250022370    0.329917717    0.307391469
   15.378173818    0.322946958    0.297038385
   15.506325267    0.314930201    0.285126827
   15.634476715    0.305725952    0.271406064
   15.762628164    0.295139372    0.255574624
   15.890779612    0.282985449    0.237262155
   16.018931061    0.269011220    0.216008264
   16.147082509    0.252969629    0.191226591
   16.275233958    0.234526112    0.162157209
   16.403385406    0.213341549    0.127790781
   16.531536855    0.188965611    0.086802238
   16.659688303    0.160920644    0.037615264
   16.787839752    0.128573999   -0.021357234
   16.915991200    0.091203090   -0.091210433
   17.044142649    0.047835459   -0.172043697
   17.172294097   -0.002723941   -0.262655963
   17.300445546   -0.062100631   -0.360504944
   17.428596994   -0.132407035   -0.461902589
   17.556748443   -0.216591017   -0.562442029
   17.684899891   -0.318703864   -0.657743799
   17.813051340   -0.444545850   -0.744172997
   17.941202788   -0.601460660   -0.819237116
   18.069354237   -0.795308885   -0.881758028
   18.197505685   -1.026449734   -0.931818165
   18.325657134   -1.283676634   -0.970439206
   18.453808582   -1.544234862   -0.999073031
   18.581960031   -1.778356173   -1.019107047
   18.710111479   -1.955387199   -1.031638615
   18.838262928   -2.049160373   -1.037403644
   18.966414376   -2.043395896   -1.036830624
   19.094565824   -1.938971087   -1.030076282
   19.222717273   -1.753345441   -1.017025442
   19.350868721   -1.513133184   -0.997249646
   19.479020170   -1.249015366   -0.969961718
   19.607171618   -0.990462503   -0.934101199
   19.735323067   -0.759709961   -0.888586379
   19.863474515   -0.567374886   -0.832836595
   19.991625964   -0.412946909   -0.767286980
   20.119777412   -0.290949987   -0.693719466
   20.247928861   -0.194696308   -0.615323771
   20.376080309   -0.119227568   -0.536550483
   20.504231758   -0.061241163   -0.462733128
   20.632383206   -0.018534530   -0.399435475
   20.760534655    0.010297455   -0.351741053
   20.888686103    0.026161669   -0.323728414
   21.016837552    0.029483062   -0.317928387
   21.144989000    0.020391132   -0.334835186
   21.273140449   -0.001431601   -0.372806868
   21.401291897   -0.036593718   -0.428390130
   21.529443346   -0.086303360   -0.496894436
   21.657594794   -0.152286213   -0.572894260
   21.785746243   -0.237374757   -0.650860725
   21.913897691   -0.345596726   -0.725875519
   22.042049140   -0.483125069   -0.794137544
   22.170200588   -0.656373719   -0.853201161
   22.298352037   -0.868842494   -0.902031840
   22.426503485   -1.115614754   -0.940804567
   22.554654934   -1.379318884   -0.970469244
   22.682806382   -1.633058635   -0.992197073
   22.810957831   -1.845789906   -1.006995700
   22.939109279   -1.988545950   -1.015570642
   23.067260728   -2.038945948   -1.018309852
   23.195412176   -1.987924987   -1.015355064
   23.323563625   -1.844567844   -1.006605456
   23.451715073   -1.631267726   -0.991714749
   23.579866522   -1.376997729   -0.970020621
   23.708017970   -1.112808153   -0.940562270
   23.836169418   -0.865611049   -0.902220331
   23.964320867   -0.652804517   -0.854105378
   24.092472315   -0.479348944   -0.796114088
   24.220623764   -0.341800023   -0.729372652
   24.348775212   -0.233817366   -0.656448582
   24.476926661   -0.149305195   -0.581322104
   24.605078109   -0.084326099   -0.509162704
   24.733229558   -0.036133776   -0.445756143
   24.861381006   -0.003110452   -0.396639860
   24.989532455    0.015839868   -0.366306822
   25.117683903    0.021168357   -0.357599753
   25.245835352    0.013022108   -0.371184465
   25.373986800   -0.008970838   -0.405368731
   25.502138249   -0.045519214   -0.456407395
   25.630289697   -0.098005604   -0.519326604
   25.758441146   -0.168536316   -0.588872682
   25.886592594   -0.260636938   -0.660216323
   26.014744043   -0.379279756   -0.729339201
   26.142895491   -0.529574078   -0.793257796
   26.271046940   -0.714893343   -0.850052474
   26.399198388   -0.933607842   -0.898687571
   26.527349837   -1.176735144   -0.938824128
   26.655501285   -1.425256544   -0.970646143
   26.783652734   -1.651849154   -0.994711989
   26.911804182   -1.826693785   -1.011650783
   27.039955631   -1.926490758   -1.021951321
   27.168107079   -1.941359823   -1.025850340
   27.296258528   -1.874721103   -1.023291522
   27.424409976   -1.739131395   -1.013903670
   27.552561425   -1.554453776   -0.996978497
   27.680712873   -1.342411373   -0.971496399
   27.808864322   -1.121717675   -0.936223880
   27.937015770   -0.907300944   -0.889948279
   28.065167219   -0.710737987   -0.831807996
   28.193318667   -0.540492349   -0.761738344
   28.321470116   -0.398563099   -0.680837381
   28.449621564   -0.282431609   -0.591480243
   28.577773012   -0.187683041   -0.497037716
   28.705924461   -0.109683481   -0.401296782
   28.834075909   -0.044716354   -0.307882999
   28.962227358    0.009999222   -0.219866275
   29.090378806    0.056514185   -0.139443196
   29.218530255    0.096374584   -0.067858607
   29.346681703    0.130730990   -0.005536201
   29.474833152    0.160491362    0.047754845
   29.602984600    0.186345454    0.092754514
   29.731136049    0.208872994    0.130574895
   29.859287497    0.228520375    0.162419474
   29.987438946    0.245687365    0.189385366
   30.115590394    0.260681661    0.212381144
   30.243741843    0.273795908    0.232116287
   30.371893291    0.285253250    0.249141232
   30.500044740    0.295277058    0.263887349
   30.628196188    0.304034177    0.276698719
   30.756347637    0.311697662    0.287853680
   30.884499085    0.318393114    0.297581910
   31.012650534    0.324254400    0.306074824
   31.140801982    0.329376395    0.313494800
   31.268953431    0.333862229    0.319980038
   31.397104879    0.337783906    0.325649958
   31.525256328    0.341219856    0.330607504
   31.653407776    0.344224817    0.334942623
   31.781559225    0.346857382    0.338733371
   31.909710673    0.349159907    0.342048285
   32.037862122    0.351175697    0.344946901
   32.166013570    0.352938685    0.347481568
   32.294165019    0.354480270    0.349697753
   32.422316467    0.355828391    0.351635434
   32.550467916    0.357004901    0.353329335
   32.678619364    0.358033464    0.354809974
   32.806770813    0.358928538    0.356103869
   32.934922261    0.359710914    0.357234303
   33.063073709    0.360389416    0.358221548
   33.191225158    0.360983113    0.359083397
   33.319376606    0.361496257    0.359835412
   33.447528055    0.361945223    0.360491233
   33.575679503    0.362331536    0.361062853
   33.703830952    0.362669905    0.361560743
   33.831982400    0.362959776    0.361994159
   33.960133849    0.363214121    0.362371144
   34.088285297    0.363431092    0.362698860
   34.216436746    0.363621824    0.362983491
   34.344588194    0.363783874    0.363230589
   34.472739643    0.363926506    0.363444902
   34.600891091    0.364047336    0.363630723
   34.729042540    0.364153723    0.363791664
   34.857193988    0.364243801    0.363931020
   34.985345437    0.364322957    0.364051565
   35.113496885    0.364390160    0.364155832
   35.241648334    0.364448840    0.364245927
   35.369799782    0.364499047    0.364323783
   35.497951231    0.364542350    0.364390993
   35.626102679    0.364579986    0.364449025
   35.754254128    0.364611782    0.364499101
   35.882405576    0.364640128    0.364542316
   36.010557025    0.364663300    0.364579593
   36.138708473    0.364684744    0.364611756
   36.266859922    0.364701457    0.364639500
   36.395011370    0.364717756    0.364663430
   36.523162819    0.364729667    0.364684076
   36.651314267    0.364742103    0.364701879
   36.779465716    0.364750459    0.364717248
   36.907617164    0.364759936    0.364730498
   37.035768613    0.364765841    0.364741948
   37.163920061    0.364773569    0.364751821
   37.292071510    0.364777815    0.364760363
   37.420222958    0.364783883    0.364767731
   37.548374407    0.364787077    0.364774118
   37.676525855    0.364791848    0.364779632
   37.804677303    0.364794188    0.364784426
   37.932828752    0.364797822    0.364788573
   38.060980200    0.364799624    0.364792191
   38.189131649    0.364802311    0.364795332
   38.317283097    0.364803811    0.364798088
   38.445434546    0.364805697    0.364800496
   38.573585994    0.364807057    0.364802616
   38.701737443    0.364808259    0.364804464
   38.829888891    0.364809585    0.364806093
   38.958040340    0.364810210    0.364807517
   39.086191788    0.364811565    0.364808768
   39.214343237    0.364811716    0.364809866
   39.342494685    0.364813125    0.364810830
   39.470646134    0.364812895    0.364811683
   39.598797582    0.364814351    0.364812432
   39.726949031    0.364813838    0.364813100
   39.855100479    0.364815313    0.364813686
   39.983251928    0.364814615    0.364814215
   40.111403376    0.364816067    0.364814677
   40.239554825    0.364815274    0.364815100
   40.367706273    0.364816651    0.364815469
   40.495857722    0.364815850    0.364815812
   40.624009170    0.364817096    0.364816110
   40.752160619    0.364816367    0.364816391
   40.880312067    0.364817432    0.364816635
   41.008463516    0.364816843    0.364816867
   41.136614964    0.364817680    0.364817070
   41.264766413    0.364817284    0.364817264
   41.392917861    0.364817860    0.364817435
   41.521069310    0.364817695    0.364817599
   41.649220758    0.364817991    0.364817745
   41.777372207    0.364818077    0.364817885
   41.905523655    0.364818088    0.364818012
   42.033675104    0.364818426    0.364818132
   42.161826552    0.364818164    0.364818243
   42.289978001    0.364818740    0.364818347
   42.418129449    0.364818233    0.364818446
   42.546280897    0.364819015    0.364818535
   42.674432346    0.364818304    0.364818624
   42.802583794    0.364819247    0.364818702
   42.930735243    0.364818387    0.364818782
   43.058886691    0.364819433    0.364818850
   43.187038140    0.364818485    0.364818922
   43.315189588    0.364819573    0.364818981
   43.443341037    0.364818604    0.364819046
   43.571492485    0.364819667    0.364819098
   43.699643934    0.364818742    0.364819156
   43.827795382    0.364819717    0.364819202
   43.955946831    0.364818900    0.364819253
   44.084098279    0.364819726    0.364819293
   44.212249728    0.364819073    0.364819338
   44.340401176    0.364819701    0.364853577
   44.468552625    0.364819257    0.364944826
   44.596704073    0.364819648    0.365093075
   44.724855522    0.364819443    0.365298330
   44.853006970    0.364819576    0.365560588
   44.981158419    0.364819625    0.365879850
   45.109309867    0.364819493    0.366256117
   45.237461316    0.364819795    0.366689387
   45.365612764    0.364819407    0.367179663
   45.493764213    0.364819944    0.367692736
   45.621915661    0.364819327    0.368205812
   45.750067110    0.365606756    0.368718879
   45.878218558    0.366917104    0.369231950
   46.006370007    0.368229149    0.369745012
