    0.000000000    0.419069267    0.420036981
    0.129526728    0.420835815    0.420728159
    0.259053456    0.422601884    0.421419343
    0.388580184    0.424368589    0.422110515
    0.518106912    0.426134503    0.422801701
    0.647633640    0.427901352    0.423492869
    0.777160368    0.428607320    0.424184056
    0.906687097    0.428607944    0.424875219
    1.036213825    0.428607256    0.425566407
    1.165740553    0.428607981    0.426211488
    1.295267281    0.428607201    0.426779800
    1.424794009    0.428608001    0.427271281
    1.554320737    0.428607157    0.427685998
    1.683847465    0.428608004    0.428023880
    1.813374193    0.428607124    0.428285001
    1.942900921    0.428607989    0.428469285
    2.072427649    0.428607102    0.428576808
    2.201954377    0.428607955    0.428607495
    2.331481105    0.428607091    0.428607500
    2.461007833    0.428607904    0.428607466
    2.590534562    0.428607090    0.428607467
    2.720061290    0.428607836    0.428607433
    2.849588018    0.428607098    0.428607430
    2.979114746    0.428607752    0.428607395
    3.108641474    0.428607112    0.428607388
    3.238168202    0.428607653    0.428607353
    3.367694930    0.428607131    0.428607341
    3.497221658    0.428607541    0.428607305
    3.626748386    0.428607151    0.428607286
    3.756275114    0.428607419    0.428607250
    3.885801842    0.428607170    0.428607225
    4.015328570    0.428607286    0.428607188
    4.144855299    0.428607186    0.428607155
    4.274382027    0.428607145    0.428607117
    4.403908755    0.428607193    0.428607075
    4.533435483    0.428606998    0.428607034
    4.662962211    0.428607188    0.428606981
    4.792488939    0.428606843    0.428606936
    4.922015667    0.428607167    0.428606872
    5.051542395    0.428606681    0.428606819
    5.181069123    0.428607125    0.428606741
    5.310595851    0.428606511    0.428606679
    5.440122579    0.428607055    0.428606583
    5.569649307    0.428606330    0.428606506
    5.699176035    0.428606952    0.428606389
    5.828702764    0.428606132    0.428606292
    5.958229492    0.428606806    0.428606147
    6.087756220    0.428605910    0.428606022
    6.217282948    0.428606607    0.428605841
    6.346809676    0.428605653    0.428605677
    6.476336404    0.428606340    0.428605448
    6.605863132    0.428605346    0.428605230
    6.735389860    0.428605989    0.428604939
    6.864916588    0.428604966    0.428604647
    6.994443316    0.428605526    0.428604271
    7.123970044    0.428604483    0.428603878
    7.253496772    0.428604918    0.428603386
    7.383023500    0.428603856    0.428602855
    7.512550229    0.428604118    0.428602205
    7.642076957    0.428603028    0.428601488
    7.771603685    0.428603063    0.428600625
    7.901130413    0.428601919    0.428599652
    8.030657141    0.428601662    0.428598495
    8.160183869    0.428600425    0.428597169
    8.289710597    0.428599797    0.428595605
    8.419237325    0.428598397    0.428593795
    8.548764053    0.428597296    0.428591669
    8.678290781    0.428595634    0.428589192
    8.807817509    0.428593927    0.428586290
    8.937344237    0.428591862    0.428582892
    9.066870965    0.428589410    0.428578915
    9.196397694    0.428586762    0.428574245
    9.325924422    0.428583272    0.428568781
    9.455451150    0.428579721    0.428562352
    9.584977878    0.428574866    0.428554826
    9.714504606    0.428570012    0.428545961
    9.844031334    0.428563340    0.428535574
    9.973558062    0.428556630    0.428523330
   10.103084790    0.428547504    0.428508971
   10.232611518    0.428538164    0.428492040
   10.362138246    0.428525698    0.428472165
   10.491664974    0.428512656    0.428448726
   10.621191702    0.428495617    0.428421187
   10.750718431    0.428477388    0.428388712
   10.880245159    0.428454055    0.428350536
   11.009771887    0.428428567    0.428305528
   11.139298615    0.428396526    0.428252602
   11.268825343    0.428360898    0.428190230
   11.398352071    0.428316796    0.428116877
   11.527878799    0.428267040    0.428030481
   11.657405527    0.428206216    0.427928896
   11.786932255    0.428136795    0.427809340
   11.916458983    0.428052767    0.427668832
   12.045985711    0.427956019    0.427503622
   12.175512439    0.427839835    0.427309595
   12.305039167    0.427705214    0.427081689
   12.434565896    0.427544548    0.426814248
   12.564092624    0.427357554    0.426500430
   12.693619352    0.427135457    0.426132478
   12.823146080    0.426876218    0.425701117
   12.952672808    0.426569543    0.425195713
   13.082199536    0.426211038    0.424603652
   13.211726264    0.425788379    0.423910333
   13.341252992    0.425294001    0.423098527
   13.470779720    0.424712830    0.422148122
   13.600306448    0.424032999    0.421035424
   13.729833176    0.423235553    0.419732577
   13.859359904    0.422302916    0.418206733
   13.988886632    0.421210752    0.416419010
   14.118413361    0.419933622    0.414323443
   14.247940089    0.418439606    0.411865301
   14.377466817    0.416692491    0.408979709
   14.506993545    0.414649632    0.405589143
   14.636520273    0.412259899    0.401601601
   14.766047001    0.409465241    0.396907009
   14.895573729    0.406193451    0.391374625
   15.025100457    0.402363969    0.384847757
   15.154627185    0.397874350    0.377139620
   15.284153913    0.392610803    0.368026282
   15.413680641    0.386426924    0.357246187
   15.543207369    0.379159519    0.344500591
   15.672734097    0.370598198    0.329462396
   15.802260826    0.360507597    0.311779519
   15.931787554    0.348586528    0.291082907
   16.061314282    0.334497568    0.266998484
   16.190841010    0.317812751    0.239139311
   16.320367738    0.298049186    0.207073786
   16.449894466    0.274594856    0.170341939
   16.579421194    0.246745852    0.128497427
   16.708947922    0.213628772    0.081240921
   16.838474650    0.174360729    0.028503608
   16.968001378    0.128062052   -0.029504784
   17.097528106    0.074055143   -0.092137807
   17.227054834    0.011733418   -0.158263124
   17.356581563   -0.059329578   -0.226339340
   17.486108291   -0.139292102   -0.294614080
   17.615635019   -0.228501081   -0.361286331
   17.745161747   -0.328041831   -0.424602007
   17.874688475   -0.438639014   -0.483033070
   18.004215203   -0.560059824   -0.535448246
   18.133741931   -0.689025275   -0.581160080
   18.263268659   -0.820347393   -0.619842456
   18.392795387   -0.947766107   -0.651388335
   18.522322115   -1.061400002   -0.675885092
   18.651848843   -1.150284099   -0.693517018
   18.781375571   -1.205245371   -0.704457359
   18.910902299   -1.221732493   -0.708846857
   19.040429028   -1.198964212   -0.706800350
   19.169955756   -1.138447786   -0.698436664
   19.299482484   -1.045865255   -0.683846445
   19.429009212   -0.930954210   -0.663101913
   19.558535940   -0.804626327   -0.636292350
   19.688062668   -0.676065874   -0.603659808
   19.817589396   -0.551194482   -0.565670573
   19.947116124   -0.435363371   -0.523063034
   20.076642852   -0.331479135   -0.476993209
   20.206169580   -0.239894429   -0.429086635
   20.335696308   -0.160288047   -0.381352478
   20.465223036   -0.092222429   -0.335978201
   20.594749764   -0.036136303   -0.295168084
   20.724276493    0.007533212   -0.261084335
   20.853803221    0.038485222   -0.235653496
   20.983329949    0.056560123   -0.220360718
   21.112856677    0.061523191   -0.216075103
   21.242383405    0.053404999   -0.223035691
   21.371910133    0.032207301   -0.240956855
   21.501436861   -0.001794035   -0.268905246
   21.630963589   -0.048432905   -0.305343441
   21.760490317   -0.107359739   -0.348309998
   21.890017045   -0.178124132   -0.395633184
   22.019543773   -0.260331528   -0.445112145
   22.149070501   -0.354521545   -0.494573787
   22.278597229   -0.460955970   -0.542043634
   22.408123958   -0.579220322   -0.585937140
   22.537650686   -0.706057169   -0.625146798
   22.667177414   -0.836159400   -0.658995167
   22.796704142   -0.963381255   -0.687108048
   22.926230870   -1.078176353   -0.709378582
   23.055757598   -1.169557621   -0.725883981
   23.185284326   -1.228125244   -0.736754895
   23.314811054   -1.248721324   -0.742148299
   23.444337782   -1.230238527   -0.742241952
   23.573864510   -1.173754087   -0.737273183
   23.703391238   -1.084273255   -0.727514078
   23.832917966   -0.971065414   -0.713286253
   23.962444694   -0.845262022   -0.694971605
   24.091971423   -0.716989301   -0.673084597
   24.221498151   -0.593191258   -0.648258513
   24.351024879   -0.480014989   -0.621179408
   24.480551607   -0.381418202   -0.592724006
   24.610078335   -0.298463922   -0.563910983
   24.739605063   -0.231408035   -0.535730431
   24.869131791   -0.180278161   -0.508990179
   24.998658519   -0.146049827   -0.484280089
   25.128185247   -0.130062130   -0.462064684
   25.257711975   -0.133716002   -0.442610458
   25.387238703   -0.157983420   -0.425931699
   25.516765431   -0.202655980   -0.411901859
   25.646292160   -0.265159474   -0.400386521
   25.775818888   -0.340561840   -0.391344714
   25.905345616   -0.423702108   -0.384699707
   26.034872344   -0.506858098   -0.380346593
   26.164399072   -0.579972529   -0.378235410
   26.293925800   -0.633695530   -0.378264310
   26.423452528   -0.661906456   -0.380230143
   26.552979256   -0.662799780   -0.383768148
   26.682505984   -0.636826058   -0.388356791
   26.812032712   -0.587453957   -0.393339143
   26.941559440   -0.522575708   -0.397926031
   27.071086168   -0.452136512   -0.401234080
   27.200612896   -0.385229701   -0.402397426
   27.330139625   -0.327179842   -0.400681560
   27.459666353   -0.281296577   -0.395513429
   27.589193081   -0.249906701   -0.386611487
   27.718719809   -0.232072749   -0.374105358
   27.848246537   -0.225492304   -0.358521375
   27.977773265   -0.227423937   -0.340657608
   28.107299993   -0.235600931   -0.321412905
   28.236826721   -0.248310105   -0.301705481
   28.366353449   -0.263481837   -0.282359702
   28.495880177   -0.278741103   -0.263922478
   28.625406905   -0.291916445   -0.246577055
   28.754933633   -0.301096913   -0.230157212
   28.884460361   -0.304835098   -0.214280449
   29.013987090   -0.302113432   -0.198442268
   29.143513818   -0.292331545   -0.182071036
   29.273040546   -0.275263923   -0.164684282
   29.402567274   -0.251039830   -0.145953991
   29.532094002   -0.220171608   -0.125697974
   29.661620730   -0.183555309   -0.103840408
   29.791147458   -0.142501037   -0.080375544
   29.920674186   -0.098519544   -0.055372109
   30.050200914   -0.053191792   -0.028977862
   30.179727642   -0.007573317   -0.001409777
   30.309254370    0.037985704    0.027055719
   30.438781098    0.082981598    0.056097346
   30.568307826    0.126631629    0.085365303
   30.697834555    0.167822601    0.114495419
   30.827361283    0.205304370    0.143124170
   30.956888011    0.238464473    0.170901278
   31.086414739    0.267123085    0.197505742
   31.215941467    0.291381760    0.222660540
   31.345468195    0.311597165    0.246150364
   31.474994923    0.328326574    0.267828970
   31.604521651    0.342149526    0.287622109
   31.734048379    0.353609489    0.305503762
   31.863575107    0.363122330    0.321465370
   31.993101835    0.371049568    0.335521942
   32.122628563    0.377661118    0.347724039
   32.252155292    0.383197350    0.358171857
   32.381682020    0.387833655    0.367020955
   32.511208748    0.391731071    0.374454476
   32.640735476    0.395005046    0.380664013
   32.770262204    0.397764920    0.385837519
   32.899788932    0.400088384    0.390147792
   33.029315660    0.402050414    0.393744055
   33.158842388    0.403704690    0.396750486
   33.288369116    0.405102688    0.399268207
   33.417895844    0.406282753    0.401380256
   33.547422572    0.407279861    0.403154476
   33.676949300    0.408122422    0.404646862
   33.806476028    0.408833624    0.405903439
   33.936002757    0.409435456    0.406962423
   34.065529485    0.409942442    0.407855470
   34.195056213    0.410372393    0.408608991
   34.324582941    0.410733431    0.409245051
   34.454109669    0.411040646    0.409782085
   34.583636397    0.411297432    0.410235643
   34.713163125    0.411517062    0.410618687
   34.842689853    0.411699461    0.410942273
   34.972216581    0.411856623    0.411215550
   35.101743309    0.411986002    0.411446439
   35.231270037    0.412098623    0.411641408
   35.360796765    0.412190279    0.411806155
   35.490323493    0.412271160    0.411945247
   35.619850222    0.412336039    0.412062803
   35.749376950    0.412394285    0.412162036
   35.878903678    0.412440180    0.412245937
   36.008430406    0.412482241    0.412316754
   36.137957134    0.412514701    0.412376666
   36.267483862    0.412545155    0.412427235
   36.397010590    0.412568142    0.412470055
   36.526537318    0.412590299    0.412506203
   36.656064046    0.412606707    0.412536846
   36.785590774    0.412622812    0.412562725
   36.915117502    0.412634562    0.412584693
   37.044644230    0.412646235    0.412603257
   37.174170958    0.412654748    0.412619039
   37.303697687    0.412663153    0.412632389
   37.433224415    0.412669436    0.412643755
   37.562751143    0.412675407    0.412653384
   37.692277871    0.412680167    0.412661593
   37.821804599    0.412684305    0.412668561
   37.951331327    0.412688039    0.412674506
   38.080858055    0.412690788    0.412679566
   38.210384783    0.412693842    0.412683880
   38.339911511    0.412695532    0.412687567
   38.469438239    0.412698139    0.412690704
   38.598964967    0.412699021    0.412693403
   38.728491695    0.412701334    0.412695691
   38.858018424    0.412701603    0.412697676
   38.987545152    0.412703716    0.412699347
   39.117071880    0.412703489    0.412700815
   39.246598608    0.412705426    0.412702038
   39.376125336    0.412704870    0.412703130
   39.505652064    0.412706690    0.412704027
   39.635178792    0.412705916    0.412704844
   39.764705520    0.412707625    0.412705502
   39.894232248    0.412706722    0.412706118
   40.023758976    0.412708313    0.412706602
   40.153285704    0.412707357    0.412707069
   40.282812432    0.412708814    0.412707424
   40.412339160    0.412707870    0.412707781
   40.541865889    0.412709172    0.412708042
   40.671392617    0.412708296    0.412708317
   40.800919345    0.412709423    0.412708514
   40.930446073    0.412708659    0.412708728
   41.059972801    0.412709593    0.412708878
   41.189499529    0.412708976    0.412709046
   41.319026257    0.412709700    0.412709162
   41.448552985    0.412709258    0.412709295
   41.578079713    0.412709763    0.412709388
   41.707606441    0.412709512    0.412709492
   41.837133169    0.412709793    0.412709568
   41.966659897    0.412709742    0.412709650
   42.096186625    0.412709800    0.412709716
   42.225713354    0.412709950    0.412709780
   42.355240082    0.412709795    0.412709837
   42.484766810    0.412710138    0.412709886
   42.614293538    0.412709782    0.412709939
   42.743820266    0.412710304    0.412709976
   42.873346994    0.412709769    0.412710025
   43.002873722    0.412710449    0.412710051
   43.132400450    0.412709759    0.412710099
   43.261927178    0.412710572    0.412710116
   43.391453906    0.412709757    0.412710162
   43.520980634    0.412710673    0.412710173
   43.650507362    0.412709764    0.412710217
   43.780034090    0.412710751    0.412710222
   43.909560819    0.412709784    0.412710264
   44.039087547    0.412710806    0.412710265
   44.168614275    0.412709816    0.412710306
   44.298141003    0.412710839    0.412710303
   44.427667731    0.412709861    0.412710341
   44.557194459    0.412710850    0.412710337
   44.686721187    0.412709919    0.412710372
   44.816247915    0.412710842    0.412756445
   44.945774643    0.412709988    0.412879353
   45.075301371    0.412710815    0.413079021
   45.204828099    0.412710067    0.413355521
   45.334354827    0.412710772    0.413708785
   45.463881556    0.412710153    0.414138876
   45.593408284    0.412710716    0.414645736
   45.722935012    0.412710245    0.415229418
   45.852461740    0.412710649    0.415889875
   45.981988468    0.412710340    0.416581069
   46.111515196    0.412710574    0.417272247
   46.241041924    0.413770244    0.417963436
   46.370568652    0.415536652    0.418654616
   46.500095380    0.417303033    0.419345799
