    0.000000000    0.507018381    0.507440567
    0.127586315    0.507788904    0.507742910
    0.255172631    0.508563715    0.508045273
    0.382758946    0.509334339    0.508347614
    0.510345262    0.510108954    0.508649973
    0.637931577    0.510879853    0.508952312
    0.765517893    0.511190497    0.509254666
    0.893104208    0.511189140    0.509557004
    1.020690523    0.511190217    0.509859353
    1.148276839    0.511189401    0.510141533
    1.275863154    0.511189889    0.510390124
    1.403449470    0.511189684    0.510605115
    1.531035785    0.511189540    0.510786510
    1.658622101    0.511189963    0.510934310
    1.786208416    0.511189197    0.511048510
    1.913794731    0.511190211    0.511129120
    2.041381047    0.511188884    0.511176124
    2.168967362    0.511190404    0.511189544
    2.296553678    0.511188625    0.511189509
    2.424139993    0.511190520    0.511189489
    2.551726309    0.511188438    0.511189449
    2.679312624    0.511190546    0.511189428
    2.806898939    0.511188333    0.511189383
    2.934485255    0.511190473    0.511189359
    3.062071570    0.511188314    0.511189310
    3.189657886    0.511190300    0.511189281
    3.317244201    0.511188377    0.511189230
    3.444830517    0.511190036    0.511189196
    3.572416832    0.511188511    0.511189141
    3.700003147    0.511189694    0.511189101
    3.827589463    0.511188696    0.511189043
    3.955175778    0.511189295    0.511188996
    4.082762094    0.511188909    0.511188936
    4.210348409    0.511188862    0.511188879
    4.337934725    0.511189122    0.511188816
    4.465521040    0.511188423    0.511188750
    4.593107355    0.511189307    0.511188682
    4.720693671    0.511188002    0.511188605
    4.848279986    0.511189435    0.511188532
    4.975866302    0.511187622    0.511188442
    5.103452617    0.511189482    0.511188360
    5.231038933    0.511187302    0.511188255
    5.358625248    0.511189427    0.511188162
    5.486211563    0.511187052    0.511188040
    5.613797879    0.511189254    0.511187930
    5.741384194    0.511186873    0.511187786
    5.868970510    0.511188954    0.511187654
    5.996556825    0.511186758    0.511187484
    6.124143141    0.511188524    0.511187321
    6.251729456    0.511186687    0.511187116
    6.379315771    0.511187966    0.511186912
    6.506902087    0.511186631    0.511186661
    6.634488402    0.511187284    0.511186399
    6.762074718    0.511186549    0.511186087
    6.889661033    0.511186483    0.511185749
    7.017247349    0.511186389    0.511185352
    7.144833664    0.511185558    0.511184910
    7.272419979    0.511186086    0.511184399
    7.400006295    0.511184501    0.511183815
    7.527592610    0.511185565    0.511183146
    7.655178926    0.511183284    0.511182374
    7.782765241    0.511184732    0.511181508
    7.910351557    0.511181851    0.511180501
    8.037937872    0.511183474    0.511179359
    8.165524187    0.511180114    0.511178019
    8.293110503    0.511181651    0.511176487
    8.420696818    0.511177938    0.511174677
    8.548283134    0.511179083    0.511172593
    8.675869449    0.511175115    0.511170125
    8.803455765    0.511175525    0.511167265
    8.931042080    0.511171358    0.511163876
    9.058628395    0.511170785    0.511159926
    9.186214711    0.511166752    0.511155248
    9.313801026    0.511164804    0.511149772
    9.441387342    0.511160383    0.511143293
    9.568973657    0.511156452    0.511135684
    9.696559973    0.511151314    0.511126688
    9.824146288    0.511144857    0.511116099
    9.951732603    0.511138458    0.511103588
   10.079318919    0.511128802    0.511088837
   10.206905234    0.511120297    0.511071419
   10.334491550    0.511106556    0.511050866
   10.462077865    0.511094711    0.511026608
   10.589664180    0.511075690    0.510997964
   10.717250496    0.511058785    0.510964154
   10.844836811    0.511032829    0.510924232
   10.972423127    0.511008472    0.510877141
   11.100009442    0.510973213    0.510821567
   11.227595758    0.510938100    0.510756061
   11.355182073    0.510890177    0.510678810
   11.482768388    0.510839822    0.510587822
   11.610354704    0.510774507    0.510480621
   11.737941019    0.510702805    0.510354484
   11.865527335    0.510613409    0.510206060
   11.993113650    0.510511983    0.510031617
   12.120699966    0.510389119    0.509826615
   12.248286281    0.510246590    0.509585956
   12.375872596    0.510077303    0.509303509
   12.503458912    0.509878245    0.508972330
   12.631045227    0.509644683    0.508584147
   12.758631543    0.509368073    0.508129515
   12.886217858    0.509045748    0.507597258
   13.013804174    0.508663158    0.506974510
   13.141390489    0.508219146    0.506246123
   13.268976804    0.507692809    0.505394540
   13.396563120    0.507082524    0.504399161
   13.524149435    0.506360637    0.503235971
   13.651735751    0.505523648    0.501876804
   13.779322066    0.504536547    0.500288610
   13.906908382    0.503391355    0.498432564
   14.034494697    0.502044996    0.496262874
   14.162081012    0.500481553    0.493725701
   14.289667328    0.498648268    0.490757420
   14.417253643    0.496516624    0.487283275
   14.544839959    0.494021605    0.483214957
   14.672426274    0.491116387    0.478448821
   14.800012590    0.487719703    0.472862519
   14.927598905    0.483758603    0.466312433
   15.055185220    0.479128290    0.458628735
   15.182771536    0.473718124    0.449611124
   15.310357851    0.467388248    0.439021145
   15.437944167    0.459975380    0.426574613
   15.565530482    0.451289698    0.411929050
   15.693116798    0.441097607    0.394669584
   15.820703113    0.429140415    0.374286656
   15.948289428    0.415091849    0.350147498
   16.075875744    0.398598007    0.321452672
   16.203462059    0.379207868    0.287177990
   16.331048375    0.356430547    0.246012800
   16.458634690    0.329635583    0.196360379
   16.586221006    0.298118594    0.136481327
   16.713807321    0.260967029    0.064814582
   16.841393636    0.217121127   -0.019696610
   16.968979952    0.165197037   -0.117273235
   17.096566267    0.103513846   -0.226908071
   17.224152583    0.029840918   -0.346257832
   17.351738898   -0.058684018   -0.471848490
   17.479325214   -0.165959392   -0.599488289
   17.606911529   -0.297201281   -0.724730457
   17.734497844   -0.459079674   -0.843268063
   17.862084160   -0.658247078   -0.951374036
   17.989670475   -0.898089914   -1.046327931
   18.117256791   -1.174617015   -1.126662391
   18.244843106   -1.476369154   -1.192135827
   18.372429422   -1.784287004   -1.243388221
   18.500015737   -2.070311525   -1.281587316
   18.627602052   -2.303946904   -1.308120788
   18.755188368   -2.459444706   -1.324239214
   18.882774683   -2.520623531   -1.330849625
   19.010360999   -2.481971870   -1.328445368
   19.137947314   -2.347157067   -1.317106522
   19.265533630   -2.130006830   -1.296496155
   19.393119945   -1.854303989   -1.265911636
   19.520706260   -1.549574007   -1.224457962
   19.648292576   -1.244921998   -1.171400288
   19.775878891   -0.961683928   -1.106510711
   19.903465207   -0.713382141   -1.030430295
   20.031051522   -0.506756014   -0.945091262
   20.158637838   -0.340882892   -0.853872654
   20.286224153   -0.210723451   -0.761452992
   20.413810468   -0.110661501   -0.673456819
   20.541396784   -0.036407804   -0.595979359
   20.668983099    0.014958767   -0.535029855
   20.796569415    0.045196845   -0.495763871
   20.924155730    0.055344586   -0.481744557
   21.051742046    0.045709504   -0.494362155
   21.179328361    0.016091109   -0.532494857
   21.306914676   -0.034437446   -0.592793921
   21.434500992   -0.107513748   -0.670245058
   21.562087307   -0.205918936   -0.758874173
   21.689673623   -0.333792473   -0.852538409
   21.817259938   -0.496711557   -0.945523664
   21.944846254   -0.699990285   -1.033027259
   22.072432569   -0.945318486   -1.111512444
   22.200018884   -1.226889193   -1.178871810
   22.327605200   -1.531859765   -1.234327833
   22.455191515   -1.839778757   -1.278044713
   22.582777831   -2.121974137   -1.310768215
   22.710364146   -2.348562400   -1.333495910
   22.837950462   -2.494758288   -1.347121241
   22.965536777   -2.545225662   -1.352242429
   23.093123092   -2.495160321   -1.349103201
   23.220709408   -2.349384329   -1.337594024
   23.348295723   -2.123244181   -1.317251560
   23.475882039   -1.841567049   -1.287319055
   23.603468354   -1.534306671   -1.246939827
   23.731054670   -1.230291674   -1.195518096
   23.858640985   -0.950143641   -1.133057709
   23.986227300   -0.706931065   -1.060538117
   24.113813616   -0.506645873   -0.980318134
   24.241399931   -0.347820056   -0.896221657
   24.368986247   -0.225301060   -0.813313495
   24.496572562   -0.133716706   -0.737427925
   24.624158878   -0.069081386   -0.674537273
   24.751745193   -0.028834892   -0.630150477
   24.879331508   -0.011542670   -0.608496604
   25.006917824   -0.016596237   -0.611685827
   25.134504139   -0.044189390   -0.639263521
   25.262090455   -0.095270852   -0.688347030
   25.389676770   -0.171828162   -0.754318900
   25.517263086   -0.276914514   -0.831467598
   25.644849401   -0.414343425   -0.913683962
   25.772435716   -0.587870563   -0.995331209
   25.900022032   -0.799857557   -1.071852147
   26.027608347   -1.048675335   -1.140013513
   26.155194663   -1.328488009   -1.197873736
   26.282780978   -1.625205104   -1.244644389
   26.410367294   -1.914919184   -1.280483907
   26.537953609   -2.168593634   -1.306055156
   26.665539924   -2.359212370   -1.322118019
   26.793126240   -2.467496657   -1.329231974
   26.920712555   -2.481351126   -1.327571277
   27.048298871   -2.397622235   -1.316897133
   27.175885186   -2.225706731   -1.296587117
   27.303471502   -1.985282633   -1.265695074
   27.431057817   -1.701428124   -1.223049166
   27.558644132   -1.399866517   -1.167456668
   27.686230448   -1.104559929   -1.097904879
   27.813816763   -0.835851572   -1.013937878
   27.941403079   -0.604734958   -0.916091872
   28.068989394   -0.413635248   -0.806129597
   28.196575710   -0.258891806   -0.686956417
   28.324162025   -0.133632148   -0.562291752
   28.451748340   -0.031409200   -0.436358383
   28.579334656    0.052786958   -0.313499331
   28.706920971    0.122646428   -0.197632800
   28.834507287    0.180998311   -0.091809379
   28.962093602    0.229952133    0.002022428
   29.089679918    0.271203121    0.083041160
   29.217266233    0.306035920    0.151475476
   29.344852548    0.335538955    0.208444739
   29.472438864    0.360538689    0.255552008
   29.600025179    0.381770770    0.294510358
   29.727611495    0.399790649    0.326877550
   29.855197810    0.415116356    0.353916056
   29.982784125    0.428135954    0.376610534
   30.110370441    0.439223479    0.395730645
   30.237956756    0.448656056    0.411887132
   30.365543072    0.456703452    0.425570082
   30.493129387    0.463564318    0.437178690
   30.620715703    0.469429327    0.447040439
   30.748302018    0.474441489    0.455427310
   30.875888333    0.478732213    0.462565666
   31.003474649    0.482406813    0.468645989
   31.131060964    0.485553615    0.473828220
   31.258647280    0.488253475    0.478248036
   31.386233595    0.490563801    0.482019778
   31.513819911    0.492549497    0.485240752
   31.641406226    0.494245646    0.487992940
   31.768992541    0.495706155    0.490346117
   31.896578857    0.496950126    0.492359013
   32.024165172    0.498023337    0.494081660
   32.151751488    0.498933944    0.495556222
   32.279337803    0.499721143    0.496818705
   32.406924119    0.500386122    0.497899585
   32.534510434    0.500962089    0.498824954
   32.662096749    0.501446410    0.499617021
   32.789683065    0.501866437    0.500294817
   32.917269380    0.502218357    0.500874640
   33.044855696    0.502523791    0.501370423
   33.172442011    0.502779122    0.501794187
   33.300028327    0.503000079    0.502156151
   33.427614642    0.503185184    0.502465222
   33.555200957    0.503344250    0.502728900
   33.682787273    0.503478617    0.502953801
   33.810373588    0.503592451    0.503145425
   33.937959904    0.503690286    0.503308690
   34.065546219    0.503771168    0.503447620
   34.193132535    0.503842767    0.503565871
   34.320718850    0.503899748    0.503666379
   34.448305165    0.503952487    0.503751854
   34.575891481    0.503992226    0.503824418
   34.703477796    0.504031339    0.503886082
   34.831064112    0.504058753    0.503938388
   34.958650427    0.504087932    0.503982812
   35.086236743    0.504106662    0.504020469
   35.213823058    0.504128486    0.504052434
   35.341409373    0.504141219    0.504079522
   35.468995689    0.504157475    0.504102509
   35.596582004    0.504166191    0.504122000
   35.724168320    0.504178126    0.504138539
   35.851754635    0.504184274    0.504152573
   35.979340951    0.504192777    0.504164475
   36.106927266    0.504197395    0.504174589
   36.234513581    0.504203117    0.504183160
   36.362099897    0.504206919    0.504190460
   36.489686212    0.504210369    0.504196640
   36.617272528    0.504213818    0.504201920
   36.744858843    0.504215467    0.504206385
   36.872445159    0.504218991    0.504210217
   37.000031474    0.504219470    0.504213452
   37.127617789    0.504223161    0.504216245
   37.255204105    0.504222529    0.504218601
   37.382790420    0.504226239    0.504220651
   37.510376736    0.504224840    0.504222380
   37.637963051    0.504228478    0.504223897
   37.765549367    0.504226644    0.504225180
   37.893135682    0.504230073    0.504226317
   38.020721997    0.504228110    0.504227286
   38.148308313    0.504231169    0.504228153
   38.275894628    0.504229351    0.504228900
   38.403480944    0.504231884    0.504229567
   38.531067259    0.504230438    0.504230140
   38.658653575    0.504232315    0.504230646
   38.786239890    0.504231411    0.504231089
   38.913826205    0.504232541    0.504231475
   39.041412521    0.504232287    0.504231823
   39.168998836    0.504232634    0.504232121
   39.296585152    0.504233071    0.504232400
   39.424171467    0.504232652    0.504232632
   39.551757783    0.504233756    0.504232860
   39.679344098    0.504232647    0.504233043
   39.806930413    0.504234333    0.504233232
   39.934516729    0.504232659    0.504233379
   40.062103044    0.504234790    0.504233539
   40.189689360    0.504232720    0.504233660
   40.317275675    0.504235122    0.504233797
   40.444861991    0.504232850    0.504233898
   40.572448306    0.504235327    0.504234016
   40.700034621    0.504233058    0.504234103
   40.827620937    0.504235411    0.504234205
   40.955207252    0.504233346    0.504234283
   41.082793568    0.504235386    0.504234371
   41.210379883    0.504233703    0.504234441
   41.337966199    0.504235271    0.504234518
   41.465552514    0.504234114    0.504234584
   41.593138829    0.504235090    0.504234649
   41.720725145    0.504234554    0.504234712
   41.848311460    0.504234870    0.504234768
   41.975897776    0.504234999    0.504234828
   42.103484091    0.504234642    0.504234875
   42.231070407    0.504235419    0.504234933
   42.358656722    0.504234433    0.504234973
   42.486243037    0.504235790    0.504235029
   42.613829353    0.504234269    0.504235062
   42.741415668    0.504236089    0.504235115
   42.869001984    0.504234173    0.504235144
   42.996588299    0.504236299    0.504235194
   43.124174615    0.504234157    0.504235218
   43.251760930    0.504236410    0.504235264
   43.379347245    0.504234228    0.504235286
   43.506933561    0.504236420    0.504235327
   43.634519876    0.504234387    0.504235347
   43.762106192    0.504236333    0.504235383
   43.889692507    0.504234623    0.504235402
   44.017278823    0.504236163    0.504235432
   44.144865138    0.504234921    0.504255607
   44.272451453    0.504235929    0.504309384
   44.400037769    0.504235259    0.504396748
   44.527624084    0.504235655    0.504517708
   44.655210400    0.504235611    0.504672262
   44.782796715    0.504235367    0.504860406
   44.910383031    0.504235952    0.505082150
   45.037969346    0.504235092    0.505337478
   45.165555661    0.504236255    0.505626411
   45.293141977    0.504234856    0.505928766
   45.420728292    0.504236496    0.506231136
   45.548314608    0.504698290    0.506533486
   45.675900923    0.505472948    0.506835855
   45.803487239    0.506243555    0.507138201
