    0.000000000    0.358897215    0.362839740
    0.130368685    0.366093971    0.365656323
    0.260737370    0.373292940    0.368472842
    0.391106055    0.380489583    0.371289419
    0.521474740    0.387688637    0.374105926
    0.651843425    0.394885197    0.376922497
    0.782212110    0.397765607    0.379738996
    0.912580795    0.397764279    0.382555562
    1.042949480    0.397765580    0.385372055
    1.173318165    0.397764235    0.388000845
    1.303686850    0.397765528    0.390316614
    1.434055535    0.397764199    0.392319499
    1.564424220    0.397765451    0.394009366
    1.694792905    0.397764174    0.395386346
    1.825161590    0.397765351    0.396450311
    1.955530275    0.397764156    0.397201385
    2.085898960    0.397765227    0.397639449
    2.216267645    0.397764146    0.397764616
    2.346636330    0.397765081    0.397764550
    2.477005015    0.397764143    0.397764527
    2.607373700    0.397764913    0.397764460
    2.737742385    0.397764143    0.397764426
    2.868111070    0.397764724    0.397764357
    2.998479755    0.397764143    0.397764310
    3.128848440    0.397764514    0.397764239
    3.259217125    0.397764138    0.397764177
    3.389585810    0.397764282    0.397764101
    3.519954495    0.397764124    0.397764021
    3.650323180    0.397764029    0.397763939
    3.780691865    0.397764093    0.397763838
    3.911060550    0.397763752    0.397763746
    4.041429235    0.397764038    0.397763620
    4.171797920    0.397763449    0.397763513
    4.302166605    0.397763948    0.397763357
    4.432535290    0.397763114    0.397763228
    4.562903975    0.397763813    0.397763035
    4.693272660    0.397762740    0.397762876
    4.823641345    0.397763617    0.397762636
    4.954010030    0.397762316    0.397762435
    5.084378715    0.397763341    0.397762137
    5.214747400    0.397761825    0.397761878
    5.345116085    0.397762961    0.397761506
    5.475484770    0.397761246    0.397761169
    5.605853455    0.397762449    0.397760701
    5.736222140    0.397760550    0.397760259
    5.866590825    0.397761764    0.397759666
    5.996959510    0.397759695    0.397759085
    6.127328195    0.397760856    0.397758327
    6.257696880    0.397758625    0.397757559
    6.388065565    0.397759657    0.397756587
    6.518434250    0.397757267    0.397755570
    6.648802935    0.397758083    0.397754313
    6.779171620    0.397755523    0.397752964
    6.909540305    0.397756017    0.397751332
    7.039908990    0.397753256    0.397749543
    7.170277675    0.397753304    0.397747410
    7.300646360    0.397750294    0.397745035
    7.431015045    0.397749746    0.397742240
    7.561383730    0.397746400    0.397739095
    7.691752415    0.397745069    0.397735430
    7.822121100    0.397741257    0.397731267
    7.952489785    0.397738914    0.397726438
    8.082858470    0.397734447    0.397720912
    8.213227155    0.397730802    0.397714521
    8.343595840    0.397725413    0.397707172
    8.473964525    0.397720093    0.397698690
    8.604333210    0.397713403    0.397688902
    8.734701895    0.397705922    0.397677619
    8.865070580    0.397697466    0.397664572
    8.995439265    0.397687382    0.397649539
    9.125807950    0.397676554    0.397632135
    9.256176635    0.397662881    0.397612084
    9.386545320    0.397648579    0.397588863
    9.516914005    0.397630166    0.397562110
    9.647282690    0.397611101    0.397531127
    9.777651375    0.397586481    0.397495430
    9.908020060    0.397560934    0.397454105
   10.038388745    0.397528142    0.397406495
   10.168757430    0.397493796    0.397351417
   10.299126115    0.397450205    0.397287974
   10.429494800    0.397403976    0.397214646
   10.559863485    0.397346107    0.397130201
   10.690232170    0.397283919    0.397032704
   10.820600855    0.397207160    0.396920497
   10.950969540    0.397123605    0.396791120
   11.081338225    0.397021830    0.396642354
   11.211706910    0.396909775    0.396471075
   11.342075595    0.396774936    0.396274335
   11.472444280    0.396625057    0.396048175
   11.602812965    0.396446618    0.395788701
   11.733181650    0.396246731    0.395490895
   11.863550335    0.396010909    0.395149643
   11.993919020    0.395745167    0.394758563
   12.124287705    0.395434110    0.394310962
   12.254656390    0.395082128    0.393798702
   12.385025075    0.394672902    0.393213027
   12.515393760    0.394208542    0.392543523
   12.645762445    0.393671697    0.391778764
   12.776131130    0.393061458    0.390905363
   12.906499815    0.392359248    0.389908393
   13.036868500    0.391560254    0.388770562
   13.167237185    0.390644262    0.387472344
   13.297605870    0.389601392    0.385991294
   13.427974555    0.388409146    0.384301828
   13.558343240    0.387051292    0.382374692
   13.688711925    0.385501920    0.380176347
   13.819080610    0.383736641    0.377668642
   13.949449295    0.381725015    0.374807790
   14.079817980    0.379432365    0.371544260
   14.210186665    0.376821552    0.367821245
   14.340555350    0.373844635    0.363574678
   14.470924035    0.370454947    0.358730972
   14.601292720    0.366587608    0.353207001
   14.731661405    0.362182581    0.346906884
   14.862030090    0.357153191    0.339721725
   14.992398775    0.351421025    0.331525056
   15.122767460    0.344872169    0.322171756
   15.253136145    0.337404925    0.311491179
   15.383504830    0.328873300    0.299283873
   15.513873515    0.319147367    0.285310465
   15.644242200    0.308042344    0.269283817
   15.774610885    0.295390411    0.250850441
   15.904979570    0.280954008    0.229573995
   16.035348255    0.264508924    0.204904409
   16.165716940    0.245741583    0.176159759
   16.296085625    0.224342730    0.142528618
   16.426454310    0.199885755    0.103137137
   16.556822995    0.171925399    0.057182261
   16.687191680    0.139848630    0.004125724
   16.817560365    0.102968616   -0.056183902
   16.947929050    0.060336640   -0.123452182
   17.078297735    0.010819461   -0.196809626
   17.208666420   -0.047146100   -0.274774616
   17.339035105   -0.115513621   -0.355349631
   17.469403790   -0.196945540   -0.436237772
   17.599772475   -0.294539336   -0.515062072
   17.730141160   -0.411333673   -0.589522644
   17.860509845   -0.548850869   -0.657619533
   17.990878530   -0.705541126   -0.717855735
   18.121247215   -0.875428176   -0.769321350
   18.251615900   -1.049716485   -0.811643575
   18.381984585   -1.218297132   -0.844859829
   18.512353270   -1.368073849   -0.869357268
   18.642721955   -1.485152425   -0.885730833
   18.773090640   -1.557834937   -0.894579079
   18.903459325   -1.579473227   -0.896360493
   19.033828010   -1.548449984   -0.891307142
   19.164196695   -1.466851569   -0.879405580
   19.294565380   -1.341885707   -0.860422527
   19.424934065   -1.185546907   -0.833999276
   19.555302750   -1.011783734   -0.799804363
   19.685671435   -0.833562541   -0.757743099
   19.816040120   -0.661005239   -0.708092073
   19.946408805   -0.503104447   -0.651568664
   20.076777490   -0.365772529   -0.589471944
   20.207146175   -0.250655762   -0.523730752
   20.337514860   -0.156486154   -0.456824036
   20.467883545   -0.080718470   -0.391581905
   20.598252230   -0.020803392   -0.330994367
   20.728620915    0.025276539   -0.278073791
   20.858989600    0.058883908   -0.235629124
   20.989358285    0.080941880   -0.205999695
   21.119726970    0.091980875   -0.190839188
   21.250095655    0.092257122   -0.190972559
   21.380464340    0.081741282   -0.206392081
   21.510833025    0.060150707   -0.236256294
   21.641201710    0.026894993   -0.278892641
   21.771570395   -0.018980470   -0.331941284
   21.901939080   -0.078904206   -0.392571256
   22.032307765   -0.154936613   -0.457754134
   22.162676450   -0.249678317   -0.524486920
   22.293045135   -0.365658383   -0.589928946
   22.423413820   -0.504070024   -0.651592393
   22.553782505   -0.663092074   -0.707541860
   22.684151190   -0.836630077   -0.756480785
   22.814519875   -1.015654246   -0.797712751
   22.944888560   -1.189981341   -0.831009745
   23.075257245   -1.346408511   -0.856548524
   23.205625930   -1.470774554   -0.874769416
   23.335994615   -1.550975518   -0.886167514
   23.466363300   -1.579924658   -0.891142438
   23.596731985   -1.555657476   -0.889906892
   23.727100670   -1.479890066   -0.882466322
   23.857469355   -1.359375370   -0.868644269
   23.987838040   -1.205895843   -0.848182851
   24.118206725   -1.033614413   -0.820900708
   24.248575410   -0.856078100   -0.786902223
   24.378944095   -0.684089573   -0.746678921
   24.509312780   -0.527241202   -0.701111291
   24.639681465   -0.392185533   -0.651497178
   24.770050150   -0.281136718   -0.599574869
   24.900418835   -0.193327453   -0.547373287
   25.030787520   -0.126519054   -0.496877545
   25.161156205   -0.078545209   -0.449791656
   25.291524890   -0.047751164   -0.407466927
   25.421893575   -0.033457429   -0.370844835
   25.552262260   -0.035602770   -0.340350658
   25.682630945   -0.054664924   -0.315877756
   25.812999630   -0.090518291   -0.296980248
   25.943368315   -0.141925856   -0.283104336
   26.073737000   -0.205283914   -0.273649867
   26.204105685   -0.276561442   -0.267992870
   26.334474370   -0.350339141   -0.265583065
   26.464843055   -0.418522596   -0.266074657
   26.595211740   -0.472682023   -0.269315523
   26.725580425   -0.506421313   -0.275285337
   26.855949110   -0.517067232   -0.284036526
   26.986317795   -0.504529793   -0.295624117
   27.116686480   -0.470737650   -0.310035864
   27.247055165   -0.421435419   -0.327086453
   27.377423850   -0.364943592   -0.346363857
   27.507792535   -0.309788418   -0.367225011
   27.638161220   -0.262074610   -0.388885786
   27.768529905   -0.225711207   -0.410451736
   27.898898590   -0.204634069   -0.431012664
   28.029267275   -0.201058978   -0.449814998
   28.159635960   -0.215850915   -0.466355876
   28.290004645   -0.249028526   -0.480388434
   28.420373330   -0.299972005   -0.491856199
   28.550742015   -0.367072963   -0.500864211
   28.681110700   -0.446828465   -0.507653146
   28.811479385   -0.533898594   -0.512470853
   28.941848070   -0.621732398   -0.515475692
   29.072216755   -0.703481733   -0.516719164
   29.202585440   -0.772578296   -0.516204939
   29.332954125   -0.823240480   -0.513901996
   29.463322810   -0.850976267   -0.509644644
   29.593691495   -0.853122232   -0.503133249
   29.724060180   -0.829170132   -0.493961025
   29.854428865   -0.780825829   -0.481641793
   29.984797550   -0.711714088   -0.465651361
   30.115166235   -0.626883147   -0.445485672
   30.245534920   -0.532242675   -0.420755371
   30.375903605   -0.434054890   -0.391274919
   30.506272290   -0.338388279   -0.357121988
   30.636640975   -0.250247431   -0.318655573
   30.767009660   -0.172743526   -0.276507186
   30.897378345   -0.106714958   -0.231549546
   31.027747030   -0.051296894   -0.184842052
   31.158115715   -0.004889760   -0.137553066
   31.288484400    0.034313804   -0.090866855
   31.418853085    0.067807940   -0.045888587
   31.549221770    0.096737884   -0.003561079
   31.679590455    0.121968444    0.035396103
   31.809959140    0.144151805    0.070524164
   31.940327825    0.163785022    0.101639570
   32.070696510    0.181245803    0.128825805
   32.201065195    0.196834598    0.152386368
   32.331433880    0.210785242    0.172762661
   32.461802565    0.223296093    0.190434496
   32.592171250    0.234524448    0.205846268
   32.722539935    0.244612718    0.219374389
   32.852908620    0.253674353    0.231318468
   32.983277305    0.261818589    0.241914389
   33.113645990    0.269132036    0.251349664
   33.244014675    0.275702720    0.259775190
   33.374383360    0.281599457    0.267314640
   33.504752045    0.286895136    0.274070868
   33.635120730    0.291645502    0.280131202
   33.765489415    0.295911212    0.285570554
   33.895858100    0.299737258    0.290454371
   34.026226785    0.303173851    0.294840018
   34.156595470    0.306257037    0.298778557
   34.286964155    0.309027623    0.302315329
   34.417332840    0.311514110    0.305491139
   34.547701525    0.313749216    0.308342465
   34.678070210    0.315755544    0.310902297
   34.808438895    0.317559159    0.313200185
   34.938807580    0.319178268    0.315262871
   35.069176265    0.320633469    0.317114290
   35.199544950    0.321939707    0.318776054
   35.329913635    0.323113021    0.320267486
   35.460282320    0.324165982    0.321605988
   35.590651005    0.325110838    0.322807110
   35.721019690    0.325958482    0.323884812
   35.851388375    0.326717989    0.324851605
   35.981757060    0.327399080    0.325718690
   36.112125745    0.328008164    0.326496159
   36.242494430    0.328554156    0.327193018
   36.372863115    0.329041235    0.327817435
   36.503231800    0.329477770    0.328376662
   36.633600485    0.329866078    0.328877338
   36.763969170    0.330214147    0.329325307
   36.894337855    0.330522796    0.329725982
   37.024706540    0.330799648    0.330084078
   37.155075225    0.331044200    0.330404023
   37.285443910    0.331263854    0.330689620
   37.415812595    0.331457078    0.330944500
   37.546181280    0.331630998    0.331171728
   37.676549965    0.331783285    0.331374286
   37.806918650    0.331920752    0.331554640
   37.937287335    0.332040507    0.331715238
   38.067656020    0.332149006    0.331858060
   38.198024705    0.332243003    0.331985112
   38.328393390    0.332328535    0.332097981
   38.458762075    0.332402203    0.332198307
   38.589130760    0.332469555    0.332287346
   38.719499445    0.332527228    0.332366436
   38.849868130    0.332580213    0.332436571
   38.980236815    0.332625344    0.332498835
   39.110605500    0.332666983    0.332554014
   39.240974185    0.332702309    0.332602979
   39.371342870    0.332734987    0.332646350
   39.501711555    0.332762669    0.332684826
   39.632080240    0.332788275    0.332718897
   39.762448925    0.332810142    0.332749115
   39.892817610    0.332830287    0.332775871
   40.023186295    0.332847554    0.332799597
   40.153554980    0.332863266    0.332820609
   40.283923665    0.332876963    0.332839236
   40.414292350    0.332889153    0.332855743
   40.544661035    0.332900093    0.332870370
   40.675029720    0.332909481    0.332883344
   40.805398405    0.332918300    0.332894835
   40.935767090    0.332925454    0.332905042
   41.066135775    0.332932639    0.332914073
   41.196504460    0.332938009    0.332922112
   41.326873145    0.332943937    0.332929210
   41.457241830    0.332947882    0.332935539
   41.587610515    0.332952842    0.332941114
   41.717979200    0.332955652    0.332946100
   41.848347885    0.332959861    0.332950478
   41.978716570    0.332961770    0.332954410
   42.109085255    0.332965391    0.332957847
   42.239453940    0.332966591    0.332960950
   42.369822625    0.332969744    0.332963648
   42.500191310    0.332970394    0.332966098
   42.630559995    0.332973167    0.332968214
   42.760928680    0.332973398    0.332970150
   42.891297365    0.332975851    0.332971808
   43.021666050    0.332975775    0.332973339
   43.152034735    0.332977948    0.332974637
   43.282403420    0.332977660    0.332975846
   43.412772105    0.332979579    0.332976862
   43.543140790    0.332979159    0.332977817
   43.673509475    0.332980839    0.332978610
   43.803878160    0.332980356    0.332979364
   43.934246845    0.332981803    0.332979982
   44.064615530    0.332981314    0.332980575
   44.194984215    0.332982532    0.332981057
   44.325352900    0.332982087    0.332981522
   44.455721585    0.332983073    0.332981897
   44.586090270    0.332982711    0.332982258
   44.716458955    0.332983464    0.332982551
   44.846827640    0.332983219    0.332982829
   44.977196325    0.332983738    0.332983057
   45.107565010    0.332983634    0.333171039
   45.237933695    0.332983919    0.333671935
   45.368302380    0.332983974    0.334485761
   45.498671065    0.332984028    0.335612518
   45.629039750    0.332984253    0.337052199
   45.759408435    0.332984081    0.338804825
   45.889777120    0.332984480    0.340870369
   46.020145805    0.332984093    0.343248872
   46.150514490    0.332984665    0.345940284
   46.280883175    0.332984074    0.348756899
   46.411251860    0.332984811    0.351573467
   46.541620545    0.337302737    0.354390069
   46.671989230    0.344501461    0.357206616
   46.802357915    0.351698357    0.360023208
