    0.000000000    0.391196772    0.391037290
    0.127355501    0.390905209    0.390924758
    0.254711002    0.390621995    0.390812276
    0.382066503    0.390330005    0.390699738
    0.509422005    0.390047016    0.390587255
    0.636777506    0.389754993    0.390474713
    0.764133007    0.389644342    0.390362225
    0.891488508    0.389640199    0.390249681
    1.018844009    0.389643996    0.390137188
    1.146199510    0.389640582    0.390032144
    1.273555011    0.389643482    0.389939644
    1.400910513    0.389641100    0.389859604
    1.528266014    0.389642842    0.389792095
    1.655621515    0.389641705    0.389737060
    1.782977016    0.389642128    0.389694541
    1.910332517    0.389642341    0.389664513
    2.037688018    0.389641398    0.389646983
    2.165043519    0.389642949    0.389641961
    2.292399021    0.389640712    0.389641921
    2.419754522    0.389643470    0.389641903
    2.547110023    0.389640124    0.389641851
    2.674465524    0.389643853    0.389641836
    2.801821025    0.389639682    0.389641775
    2.929176526    0.389644056    0.389641761
    3.056532027    0.389639419    0.389641691
    3.183887529    0.389644054    0.389641676
    3.311243030    0.389639352    0.389641599
    3.438598531    0.389643837    0.389641581
    3.565954032    0.389639482    0.389641500
    3.693309533    0.389643413    0.389641475
    3.820665034    0.389639789    0.389641392
    3.948020535    0.389642808    0.389641358
    4.075376037    0.389640239    0.389641274
    4.202731538    0.389642063    0.389641228
    4.330087039    0.389640785    0.389641145
    4.457442540    0.389641230    0.389641085
    4.584798041    0.389641366    0.389641002
    4.712153542    0.389640367    0.389640925
    4.839509043    0.389641918    0.389640843
    4.966864545    0.389639537    0.389640747
    5.094220046    0.389642379    0.389640664
    5.221575547    0.389638796    0.389640548
    5.348931048    0.389642688    0.389640460
    5.476286549    0.389638193    0.389640322
    5.603642050    0.389642797    0.389640224
    5.730997552    0.389637762    0.389640062
    5.858353053    0.389642669    0.389639949
    5.985708554    0.389637520    0.389639759
    6.113064055    0.389642285    0.389639622
    6.240419556    0.389637461    0.389639400
    6.367775057    0.389641640    0.389639228
    6.495130558    0.389637558    0.389638967
    6.622486060    0.389640748    0.389638745
    6.749841561    0.389637762    0.389638434
    6.877197062    0.389639633    0.389638144
    7.004552563    0.389638004    0.389637766
    7.131908064    0.389638325    0.389637385
    7.259263565    0.389638192    0.389636918
    7.386619066    0.389636858    0.389636413
    7.513974568    0.389638219    0.389635823
    7.641330069    0.389635255    0.389635162
    7.768685570    0.389637964    0.389634423
    7.896041071    0.389633521    0.389633518
    8.023396572    0.389637288    0.389632493
    8.150752073    0.389631628    0.389631309
    8.278107574    0.389636035    0.389630007
    8.405463076    0.389629504    0.389628434
    8.532818577    0.389634029    0.389626681
    8.660174078    0.389627013    0.389624560
    8.787529579    0.389631057    0.389622176
    8.914885080    0.389623945    0.389619301
    9.042240581    0.389627087    0.389616038
    9.169596082    0.389620453    0.389612123
    9.296951584    0.389620839    0.389607635
    9.424307085    0.389613984    0.389602281
    9.551662586    0.389613506    0.389596091
    9.679018087    0.389607832    0.389588743
    9.806373588    0.389603441    0.389580189
    9.933729089    0.389597680    0.389570072
   10.061084590    0.389589545    0.389558231
   10.188440092    0.389583359    0.389544264
   10.315795593    0.389570744    0.389527857
   10.443151094    0.389563154    0.389508536
   10.570506595    0.389545216    0.389485774
   10.697862096    0.389534737    0.389458982
   10.825217597    0.389510389    0.389427423
   10.952573098    0.389494918    0.389390320
   11.079928600    0.389462630    0.389346501
   11.207284101    0.389439277    0.389294956
   11.334639602    0.389396815    0.389234143
   11.461995103    0.389361690    0.389162637
   11.589350604    0.389305784    0.389078318
   11.716706105    0.389253695    0.388979210
   11.844061606    0.389179556    0.388862435
   11.971417108    0.389103550    0.388725178
   12.098772609    0.389004234    0.388563660
   12.226128110    0.388894997    0.388374030
   12.353483611    0.388760615    0.388151149
   12.480839112    0.388605655    0.387889636
   12.608194613    0.388422298    0.387582670
   12.735550114    0.388204755    0.387222820
   12.862905616    0.387953047    0.386800963
   12.990261117    0.387650196    0.386306866
   13.117616618    0.387303881    0.385728275
   13.244972119    0.386884918    0.385051130
   13.372327620    0.386406251    0.384258890
   13.499683121    0.385830285    0.383332262
   13.627038622    0.385173252    0.382248779
   13.754394124    0.384384139    0.380981924
   13.881749625    0.383480099    0.379500944
   14.009105126    0.382402429    0.377769256
   14.136460627    0.381162711    0.375744453
   14.263816128    0.379694122    0.373375885
   14.391171629    0.377997452    0.370604805
   14.518527130    0.375998182    0.367361068
   14.645882632    0.373679365    0.363563333
   14.773238133    0.370958026    0.359114910
   14.900593634    0.367791117    0.353903829
   15.027949135    0.364084117    0.347797389
   15.155304636    0.359757333    0.340641606
   15.282660137    0.354698083    0.332254131
   15.410015638    0.348776833    0.322421734
   15.537371140    0.341851821    0.310890521
   15.664726641    0.333727705    0.297360165
   15.792082142    0.324218207    0.281472418
   15.919437643    0.313044227    0.262811809
   16.046793144    0.299955978    0.240904970
   16.174148645    0.284571205    0.215224948
   16.301504146    0.266551382    0.185195351
   16.428859648    0.245382159    0.150228570
   16.556215149    0.220590256    0.109822301
   16.683570650    0.191472212    0.063665191
   16.810926151    0.157334962    0.011688845
   16.938281652    0.117184524   -0.045969160
   17.065637153    0.069964529   -0.108825920
   17.192992655    0.014275936   -0.175917616
   17.320348156   -0.051196547   -0.245814880
   17.447703657   -0.127859117   -0.316779278
   17.575059158   -0.216961140   -0.386976404
   17.702414659   -0.319722698   -0.454573588
   17.829770160   -0.436444846   -0.517860236
   17.957125661   -0.565260089   -0.575453210
   18.084481163   -0.701856185   -0.626409602
   18.211836664   -0.840757886   -0.670206041
   18.339192165   -0.977357265   -0.706584733
   18.466547666   -1.103853673   -0.735463855
   18.593903167   -1.209381297   -0.756980845
   18.721258668   -1.283418873   -0.771405536
   18.848614169   -1.319136916   -0.779042811
   18.975969671   -1.314577921   -0.780142983
   19.103325172   -1.270164038   -0.774887255
   19.230680673   -1.189041502   -0.763384797
   19.358036174   -1.079256243   -0.745713789
   19.485391675   -0.951406765   -0.722015783
   19.612747176   -0.815845881   -0.692610736
   19.740102677   -0.679374965   -0.658060959
   19.867458179   -0.547035285   -0.619146317
   19.994813680   -0.424926247   -0.577003306
   20.122169181   -0.317491953   -0.533261711
   20.249524682   -0.226853859   -0.490024217
   20.376880183   -0.153163085   -0.449700149
   20.504235684   -0.096079394   -0.414728102
   20.631591185   -0.055166173   -0.387374611
   20.758946687   -0.030011645   -0.369516368
   20.886302188   -0.020205946   -0.362436092
   21.013657689   -0.025540104   -0.366708375
   21.141013190   -0.046113024   -0.382046819
   21.268368691   -0.082320496   -0.407399624
   21.395724192   -0.134564416   -0.441093633
   21.523079693   -0.203324615   -0.480978246
   21.650435195   -0.288956508   -0.524667863
   21.777790696   -0.391683355   -0.569727399
   21.905146197   -0.510220839   -0.613927100
   22.032501698   -0.641033764   -0.655451189
   22.159857199   -0.778301909   -0.692972349
   22.287212700   -0.916409899   -0.725592970
   22.414568201   -1.049669270   -0.752686628
   22.541923703   -1.168630089   -0.773883718
   22.669279204   -1.262489477   -0.789069113
   22.796634705   -1.321997496   -0.798265824
   22.923990206   -1.342272348   -0.801539133
   23.051345707   -1.322353145   -0.798924136
   23.178701208   -1.263223192   -0.790427735
   23.306056709   -1.169756205   -0.776026928
   23.433412211   -1.051133436   -0.755740052
   23.560767712   -0.918152860   -0.729726079
   23.688123213   -0.780285909   -0.698400615
   23.815478714   -0.643360088   -0.662450425
   23.942834215   -0.513073185   -0.622863677
   24.070189716   -0.395377106   -0.581112927
   24.197545217   -0.293844832   -0.539187304
   24.324900719   -0.209850531   -0.499464980
   24.452256220   -0.143179695   -0.464384505
   24.579611721   -0.093539286   -0.436211868
   24.706967222   -0.060464776   -0.416891083
   24.834322723   -0.043622704   -0.407688228
   24.961678224   -0.042712379   -0.408908278
   25.089033725   -0.057816246   -0.419852479
   25.216389227   -0.089555519   -0.439084849
   25.343744728   -0.139174073   -0.464819361
   25.471100229   -0.208362845   -0.495048419
   25.598455730   -0.298200131   -0.527719886
   25.725811231   -0.408384046   -0.561040796
   25.853166732   -0.535421417   -0.593643709
   25.980522233   -0.674382496   -0.624577794
   26.107877735   -0.818845143   -0.653132097
   26.235233236   -0.958090552   -0.678790594
   26.362588737   -1.079194585   -0.701176997
   26.489944238   -1.169869484   -0.719920948
   26.617299739   -1.222630419   -0.734582667
   26.744655240   -1.235253844   -0.744596078
   26.872010741   -1.208341540   -0.749262286
   26.999366243   -1.146820843   -0.747777547
   27.126721744   -1.060225760   -0.739337407
   27.254077245   -0.959717517   -0.723237360
   27.381432746   -0.854663669   -0.698992158
   27.508788247   -0.750288240   -0.666361861
   27.636143748   -0.650610211   -0.625402061
   27.763499249   -0.558509981   -0.576625813
   27.890854751   -0.473823237   -0.521084284
   28.018210252   -0.395035783   -0.460328770
   28.145565753   -0.319863969   -0.396200530
   28.272921254   -0.246496877   -0.330608847
   28.400276755   -0.174213845   -0.265410629
   28.527632256   -0.104076913   -0.202229106
   28.654987758   -0.038082960   -0.142253445
   28.782343259    0.022218243   -0.086174211
   28.909698760    0.076114335   -0.034259782
   29.037054261    0.123230247    0.013457738
   29.164409762    0.163763153    0.057132291
   29.291765263    0.198260588    0.097049140
   29.419120764    0.227507330    0.133494751
   29.546476266    0.252319099    0.166693747
   29.673831767    0.273354878    0.196777514
   29.801187268    0.291217475    0.223801461
   29.928542769    0.306354184    0.247793973
   30.055898270    0.319214435    0.268831710
   30.183253771    0.330104861    0.287081047
   30.310609272    0.339368192    0.302777526
   30.437964774    0.347214728    0.316189403
   30.565320275    0.353904514    0.327602938
   30.692675776    0.359577531    0.337296645
   30.820031277    0.364425835    0.345526956
   30.947386778    0.368541105    0.352516264
   31.074742279    0.372062678    0.358453316
   31.202097780    0.375053919    0.363497809
   31.329453282    0.377613931    0.367784919
   31.456808783    0.379791035    0.371429629
   31.584164284    0.381651787    0.374529137
   31.711519785    0.383237266    0.377166360
   31.838875286    0.384587505    0.379410907
   31.966230787    0.385741538    0.381322281
   32.093586288    0.386718429    0.382950055
   32.220941790    0.387557728    0.384336863
   32.348297291    0.388261419    0.385518077
   32.475652792    0.388871290    0.386524438
   32.603008293    0.389378224    0.387381383
   32.730363794    0.389821008    0.388111225
   32.857719295    0.390182512    0.388732351
   32.985074796    0.390503103    0.389260997
   33.112430298    0.390760992    0.389710514
   33.239785799    0.390992774    0.390092742
   33.367141300    0.391176329    0.390417438
   33.494496801    0.391343334    0.390693235
   33.621852302    0.391474107    0.390927301
   33.749207803    0.391593747    0.391125891
   33.876563304    0.391687423    0.391294320
   34.003918806    0.391772399    0.391437057
   34.131274307    0.391840296    0.391557978
   34.258629808    0.391899822    0.391660318
   34.385985309    0.391949905    0.391747033
   34.513340810    0.391990681    0.391820352
   34.640696311    0.392028493    0.391882478
   34.768051812    0.392055522    0.391934951
   34.895407314    0.392084870    0.391979438
   35.022762815    0.392101937    0.392016976
   35.150118316    0.392125309    0.392048832
   35.277473817    0.392135292    0.392075692
   35.404829318    0.392154239    0.392098493
   35.532184819    0.392159389    0.392117691
   35.659540320    0.392174847    0.392134067
   35.786895822    0.392176955    0.392147879
   35.914251323    0.392189438    0.392159641
   36.041606824    0.392189896    0.392169559
   36.168962325    0.392199653    0.392178018
   36.296317826    0.392199530    0.392185169
   36.423673327    0.392206697    0.392191265
   36.551028828    0.392206788    0.392196439
   36.678384330    0.392211543    0.392200839
   36.805739831    0.392211848    0.392204601
   36.933095332    0.392213940    0.392207785
   37.060450833    0.392216939    0.392210538
   37.187806334    0.392217502    0.392212848
   37.315161835    0.392220438    0.392214878
   37.442517336    0.392218784    0.392216561
   37.569872838    0.392223066    0.392218073
   37.697228339    0.392219976    0.392219307
   37.824583840    0.392225080    0.392220445
   37.951939341    0.392220941    0.392221361
   38.079294842    0.392226517    0.392222230
   38.206650343    0.392221821    0.392222917
   38.334005844    0.392227460    0.392223612
   38.461361346    0.392222709    0.392224175
   38.588716847    0.392227981    0.392224690
   38.716072348    0.392223650    0.392225081
   38.843427849    0.392228150    0.392225480
   38.970783350    0.392224657    0.392225801
   39.098138851    0.392228046    0.392226114
   39.225494352    0.392225715    0.392226376
   39.352849854    0.392227748    0.392226621
   39.480205355    0.392226790    0.392226843
   39.607560856    0.392227336    0.392227033
   39.734916357    0.392227832    0.392227227
   39.862271858    0.392226889    0.392227376
   39.989627359    0.392228791    0.392227549
   40.116982861    0.392226481    0.392227665
   40.244338362    0.392229614    0.392227822
   40.371693863    0.392226175    0.392227915
   40.499049364    0.392230259    0.392228059
   40.626404865    0.392226020    0.392228133
   40.753760366    0.392230693    0.392228265
   40.881115867    0.392226048    0.392228328
   41.008471369    0.392230902    0.392228448
   41.135826870    0.392226271    0.392228503
   41.263182371    0.392230886    0.392228610
   41.390537872    0.392226685    0.392228662
   41.517893373    0.392230666    0.392228756
   41.645248874    0.392227264    0.392228807
   41.772604375    0.392230275    0.392228887
   41.899959877    0.392227970    0.392228940
   42.027315378    0.392229762    0.392229006
   42.154670879    0.392228750    0.392229062
   42.282026380    0.392229183    0.392229115
   42.409381881    0.392229548    0.392229175
   42.536737382    0.392228601    0.392229214
   42.664092883    0.392230302    0.392229277
   42.791448385    0.392228074    0.392229305
   42.918803886    0.392230956    0.392229370
   43.046159387    0.392227656    0.392229388
   43.173514888    0.392231463    0.392229454
   43.300870389    0.392227391    0.392229464
   43.428225890    0.392231785    0.392229528
   43.555581391    0.392227307    0.392229533
   43.682936893    0.392231902    0.392229594
   43.810292394    0.392227418    0.392229596
   43.937647895    0.392231811    0.392229652
   44.065003396    0.392227717    0.392222152
   44.192358897    0.392231526    0.392202199
   44.319714398    0.392228183    0.392169700
   44.447069899    0.392231077    0.392124735
   44.574425401    0.392228779    0.392067237
   44.701780902    0.392230508    0.391997260
   44.829136403    0.392229455    0.391914765
   44.956491904    0.392229871    0.391819776
   45.083847405    0.392230157    0.391712284
   45.211202906    0.392229225    0.391599781
   45.338558407    0.392230823    0.391487293
   45.465913909    0.392056119    0.391374779
   45.593269410    0.391771371    0.391262295
   45.720624911    0.391480590    0.391149772
