    0.000000000    0.424200398    0.424698562
    0.129042297    0.425109542    0.425055232
    0.258084594    0.426023365    0.425411845
    0.387126890    0.426932286    0.425768516
    0.516169187    0.427846265    0.426125125
    0.645211484    0.428755090    0.426481795
    0.774253781    0.429122244    0.426838403
    0.903296078    0.429119683    0.427195070
    1.032338375    0.429122165    0.427551677
    1.161380671    0.429119767    0.427884563
    1.290422968    0.429122020    0.428177768
    1.419465265    0.429119907    0.428431395
    1.548507562    0.429121816    0.428645348
    1.677549859    0.429120094    0.428819713
    1.806592155    0.429121560    0.428954415
    1.935634452    0.429120318    0.429049518
    2.064676749    0.429121265    0.429104970
    2.193719046    0.429120566    0.429120810
    2.322761343    0.429120944    0.429120788
    2.451803640    0.429120825    0.429120767
    2.580845936    0.429120608    0.429120749
    2.709888233    0.429121078    0.429120717
    2.838930530    0.429120274    0.429120702
    2.967972827    0.429121311    0.429120659
    3.097015124    0.429119955    0.429120646
    3.226057420    0.429121508    0.429120592
    3.355099717    0.429119662    0.429120579
    3.484142014    0.429121655    0.429120513
    3.613184311    0.429119406    0.429120498
    3.742226608    0.429121739    0.429120421
    3.871268905    0.429119194    0.429120399
    4.000311201    0.429121750    0.429120310
    4.129353498    0.429119032    0.429120279
    4.258395795    0.429121678    0.429120176
    4.387438092    0.429118918    0.429120130
    4.516480389    0.429121517    0.429120013
    4.645522685    0.429118847    0.429119945
    4.774564982    0.429121261    0.429119809
    4.903607279    0.429118812    0.429119713
    5.032649576    0.429120907    0.429119553
    5.161691873    0.429118795    0.429119419
    5.290734170    0.429120451    0.429119227
    5.419776466    0.429118775    0.429119043
    5.548818763    0.429119888    0.429118807
    5.677861060    0.429118724    0.429118558
    5.806903357    0.429119212    0.429118262
    5.935945654    0.429118605    0.429117928
    6.064987950    0.429118409    0.429117550
    6.194030247    0.429118371    0.429117103
    6.323072544    0.429117458    0.429116613
    6.452114841    0.429117965    0.429116019
    6.581157138    0.429116328    0.429115373
    6.710199435    0.429117315    0.429114584
    6.839241731    0.429114966    0.429113726
    6.968284028    0.429116327    0.429112677
    7.097326325    0.429113298    0.429111530
    7.226368622    0.429114885    0.429110134
    7.355410919    0.429111217    0.429108592
    7.484453215    0.429112839    0.429106736
    7.613495512    0.429108568    0.429104674
    7.742537809    0.429109986    0.429102212
    7.871580106    0.429105136    0.429099444
    8.000622403    0.429106067    0.429096159
    8.129664700    0.429100629    0.429092425
    8.258706996    0.429100732    0.429088018
    8.387749293    0.429094640    0.429082966
    8.516791590    0.429093507    0.429077031
    8.645833887    0.429086611    0.429070184
    8.774876184    0.429083759    0.429062167
    8.903918480    0.429075904    0.429052876
    9.032960777    0.429070983    0.429042025
    9.162003074    0.429061751    0.429029410
    9.291045371    0.429053799    0.429014703
    9.420087668    0.429042403    0.428997572
    9.549129965    0.429030453    0.428977624
    9.678172261    0.429015947    0.428954365
    9.807214558    0.428998781    0.428927300
    9.936256855    0.428979815    0.428895734
   10.065299152    0.428955816    0.428859024
   10.194341449    0.428930500    0.428816219
   10.323383745    0.428897514    0.428766464
   10.452426042    0.428863268    0.428708480
   10.581468339    0.428818418    0.428641106
   10.710510636    0.428771735    0.428562664
   10.839552933    0.428711134    0.428471588
   10.968595230    0.428647260    0.428365687
   11.097637526    0.428565662    0.428242845
   11.226679823    0.428478237    0.428100215
   11.355722120    0.428368616    0.427934952
   11.484764417    0.428249176    0.427743374
   11.613806714    0.428102112    0.427521679
   11.742849010    0.427939386    0.427265112
   11.871891307    0.427742279    0.426968621
   12.000933604    0.427521384    0.426626055
   12.129975901    0.427257580    0.426230705
   12.259018198    0.426959050    0.425774593
   12.388060495    0.426606671    0.425248846
   12.517102791    0.426205086    0.424643097
   12.646145088    0.425735455    0.423945632
   12.775187385    0.425197745    0.423142921
   12.904229682    0.424573514    0.422219490
   13.033271979    0.423856840    0.421157598
   13.162314275    0.423029448    0.419936786
   13.291356572    0.422078237    0.418533685
   13.420398869    0.420984247    0.416921189
   13.549441166    0.419725372    0.415068374
   13.678483463    0.418281139    0.412939264
   13.807525760    0.416618963    0.410492875
   13.936568056    0.414715028    0.407681614
   14.065610353    0.412523981    0.404451440
   14.194652650    0.410015872    0.400739873
   14.323694947    0.407129711    0.396476135
   14.452737244    0.403825651    0.391578611
   14.581779540    0.400023430    0.385954728
   14.710821837    0.395668065    0.379497702
   14.839864134    0.390654889    0.372085880
   14.968906431    0.384906637    0.363578569
   15.097948728    0.378288051    0.353814294
   15.226991025    0.370692104    0.342604913
   15.356033321    0.361947658    0.329731451
   15.485075618    0.351911090    0.314934757
   15.614117915    0.340369412    0.297906380
   15.743160212    0.327131766    0.278272509
   15.872202509    0.311930474    0.255575269
   16.001244805    0.294507526    0.229243583
   16.130287102    0.274517837    0.198558001
   16.259329399    0.251606342    0.162623089
   16.388371696    0.225316086    0.120409833
   16.517413993    0.195147044    0.070854158
   16.646456290    0.160465379    0.013047136
   16.775498586    0.120529344   -0.053521532
   16.904540883    0.074391072   -0.128851837
   17.033583180    0.020871296   -0.212277381
   17.162625477   -0.041563160   -0.302361141
   17.291667774   -0.114906804   -0.396954608
   17.420710070   -0.201803123   -0.493401083
   17.549752367   -0.305744952   -0.588824793
   17.678794664   -0.430834917   -0.680349694
   17.807836961   -0.580250004   -0.765325403
   17.936879258   -0.754873895   -0.841610107
   18.065921555   -0.951273437   -0.907753770
   18.194963851   -1.160387266   -0.963041082
   18.324006148   -1.370649354   -1.007373212
   18.453048445   -1.566876421   -1.041119533
   18.582090742   -1.731557071   -1.064992343
   18.711133039   -1.848517990   -1.079784906
   18.840175335   -1.906338433   -1.086182119
   18.969217632   -1.900237809   -1.084639850
   19.098259929   -1.830554899   -1.075318294
   19.227302226   -1.702834952   -1.058085333
   19.356344523   -1.529232114   -1.032594025
   19.485386820   -1.326157202   -0.998408627
   19.614429116   -1.111142804   -0.955214742
   19.743471413   -0.899109633   -0.903079690
   19.872513710   -0.701774308   -0.842578840
   20.001556007   -0.528203347   -0.774967470
   20.130598304   -0.381792096   -0.702303107
   20.259640600   -0.262042719   -0.627409885
   20.388682897   -0.166330927   -0.553706567
   20.517725194   -0.091349159   -0.484953565
   20.646767491   -0.034476808   -0.425036131
   20.775809788    0.006050082   -0.377664697
   20.904852085    0.031390249   -0.345966321
   21.033894381    0.042185914   -0.332060382
   21.162936678    0.038718923   -0.336830817
   21.291978975    0.020870214   -0.359935051
   21.421021272   -0.011814926   -0.399785219
   21.550063569   -0.060276710   -0.453642466
   21.679105865   -0.125973901   -0.517983625
   21.808148162   -0.211162116   -0.588931119
   21.937190459   -0.318918765   -0.662615469
   22.066232756   -0.452453909   -0.735418500
   22.195275053   -0.613291972   -0.804213677
   22.324317350   -0.800169464   -0.866590057
   22.453359646   -1.006320605   -0.920946340
   22.582401943   -1.220862820   -0.966448153
   22.711444240   -1.430507002   -1.002854159
   22.840486537   -1.618328169   -1.030394713
   22.969528834   -1.766920035   -1.049577901
   23.098571130   -1.861638748   -1.060930074
   23.227613427   -1.893835088   -1.064851232
   23.356655724   -1.861070974   -1.061508137
   23.485698021   -1.765818860   -1.050803204
   23.614740318   -1.616765890   -1.032406243
   23.743782615   -1.428606651   -1.005861291
   23.872824911   -1.218804264   -0.970733349
   24.001867208   -1.004355780   -0.926868075
   24.130909505   -0.798619220   -0.874590700
   24.259951802   -0.612562535   -0.814829727
   24.388994099   -0.453028244   -0.749301595
   24.518036395   -0.321376696   -0.680561563
   24.647078692   -0.216160530   -0.611916372
   24.776120989   -0.134270925   -0.547161804
   24.905163286   -0.072705306   -0.490275074
   25.034205583   -0.029323801   -0.445061357
   25.163247880   -0.002758085   -0.414771681
   25.292290176    0.007773193   -0.401713333
   25.421332473    0.002580709   -0.406848175
   25.550374770   -0.018483204   -0.429653453
   25.679417067   -0.056004622   -0.468284314
   25.808459364   -0.111181135   -0.519854145
   25.937501660   -0.185899296   -0.580809431
   26.066543957   -0.282799347   -0.647320317
   26.195586254   -0.404480027   -0.715660673
   26.324628551   -0.552676196   -0.782579727
   26.453670848   -0.725903366   -0.845486242
   26.582713145   -0.920103346   -0.902458070
   26.711755441   -1.128264643   -0.952145040
   26.840797738   -1.336905627   -0.993763484
   26.969840035   -1.528877162   -1.027038918
   27.098882332   -1.687129040   -1.052027091
   27.227924629   -1.798668644   -1.068943669
   27.356966925   -1.854999821   -1.077968665
   27.486009222   -1.851127067   -1.079127385
   27.615051519   -1.787988718   -1.072212271
   27.744093816   -1.673409164   -1.056765383
   27.873136113   -1.519555159   -1.032131601
   28.002178410   -1.339675854   -0.997628189
   28.131220706   -1.145558384   -0.952675110
   28.260263003   -0.949451008   -0.896942507
   28.389305300   -0.762754291   -0.830641246
   28.518347597   -0.593211166   -0.754694014
   28.647389894   -0.445085925   -0.670735263
   28.776432190   -0.318756041   -0.580942023
   28.905474487   -0.212549849   -0.487840298
   29.034516784   -0.123751742   -0.394157572
   29.163559081   -0.049201586   -0.302565832
   29.292601378    0.013900776   -0.215385275
   29.421643675    0.067675116   -0.134396271
   29.550685971    0.113817461   -0.060794197
   29.679728268    0.153585235    0.004746190
   29.808770565    0.188023386    0.062089815
   29.937812862    0.217909157    0.111603373
   30.066855159    0.243922240    0.153995983
   30.195897455    0.266575880    0.190166588
   30.324939752    0.286339859    0.221035191
   30.453982049    0.303575617    0.247452173
   30.583024346    0.318621302    0.270153612
   30.712066643    0.331743644    0.289740198
   30.841108940    0.343191949    0.306693978
   30.970151236    0.353171834    0.321406076
   31.099193533    0.361870527    0.334196475
   31.228235830    0.369452352    0.345331185
   31.357278127    0.376057547    0.355032980
   31.486320424    0.381818873    0.363491166
   31.615362720    0.386837978    0.370867357
   31.744405017    0.391221843    0.377300938
   31.873447314    0.395040737    0.382912431
   32.002489611    0.398381355    0.387806601
   32.131531908    0.401289887    0.392074792
   32.260574205    0.403837707    0.395796652
   32.389616501    0.406053379    0.399042014
   32.518658798    0.407996641    0.401871692
   32.647701095    0.409683568    0.404339128
   32.776743392    0.411164658    0.406490599
   32.905785689    0.412447443    0.408366820
   33.034827985    0.413574620    0.410002797
   33.163870282    0.414548254    0.411429426
   33.292912579    0.415404188    0.412673125
   33.421954876    0.416141546    0.413757352
   33.550997173    0.416789676    0.414702081
   33.680039470    0.417346425    0.415525183
   33.809081766    0.417835287    0.416241819
   33.938124063    0.418254414    0.416865654
   34.067166360    0.418621558    0.417408240
   34.196208657    0.418936200    0.417880046
   34.325250954    0.419210619    0.418289903
   34.454293250    0.419446340    0.418645833
   34.583335547    0.419650460    0.418954612
   34.712377844    0.419826912    0.419222376
   34.841420141    0.419977971    0.419454340
   34.970462438    0.420110099    0.419655175
   35.099504735    0.420221246    0.419828912
   35.228547031    0.420320333    0.419979096
   35.357589328    0.420401587    0.420108853
   35.486631625    0.420476116    0.420220842
   35.615673922    0.420535097    0.420317499
   35.744716219    0.420591381    0.420400797
   35.873758515    0.420633840    0.420472640
   36.002800812    0.420676533    0.420534468
   36.131843109    0.420706820    0.420587774
   36.260885406    0.420739350    0.420633588
   36.389927703    0.420760762    0.420673093
   36.518970000    0.420785636    0.420707005
   36.648012296    0.420800657    0.420736257
   36.777054593    0.420819682    0.420761339
   36.906096890    0.420830176    0.420782989
   37.035139187    0.420844664    0.420801532
   37.164181484    0.420852041    0.420817554
   37.293223780    0.420863013    0.420831263
   37.422266077    0.420868396    0.420843121
   37.551308374    0.420876496    0.420853263
   37.680350671    0.420880634    0.420862044
   37.809392968    0.420886576    0.420869557
   37.938435265    0.420890074    0.420876065
   38.067477561    0.420894054    0.420881642
   38.196519858    0.420897207    0.420886471
   38.325562155    0.420899547    0.420890624
   38.454604452    0.420902609    0.420894215
   38.583646749    0.420903584    0.420897322
   38.712689045    0.420906704    0.420899999
   38.841731342    0.420906561    0.420902335
   38.970773639    0.420909808    0.420904333
   39.099815936    0.420908776    0.420906101
   39.228858233    0.420912152    0.420907595
   39.357900530    0.420910447    0.420908935
   39.486942826    0.420913905    0.420910045
   39.615985123    0.420911736    0.420911062
   39.745027420    0.420915195    0.420911887
   39.874069717    0.420912762    0.420912665
   40.003112014    0.420916121    0.420913278
   40.132154310    0.420913612    0.420913876
   40.261196607    0.420916756    0.420914333
   40.390238904    0.420914344    0.420914795
   40.519281201    0.420917160    0.420915137
   40.648323498    0.420915000    0.420915496
   40.777365795    0.420917382    0.420915755
   40.906408091    0.420915604    0.420916034
   41.035450388    0.420917464    0.420916232
   41.164492685    0.420916171    0.420916449
   41.293534982    0.420917440    0.420916604
   41.422577279    0.420916705    0.420916772
   41.551619575    0.420917343    0.420916897
   41.680661872    0.420917206    0.420917026
   41.809704169    0.420917201    0.420917130
   41.938746466    0.420917670    0.420917226
   42.067788763    0.420917038    0.420917317
   42.196831060    0.420918089    0.420917387
   42.325873356    0.420916876    0.420917469
   42.454915653    0.420918455    0.420917518
   42.583957950    0.420916734    0.420917594
   42.713000247    0.420918759    0.420917625
   42.842042544    0.420916627    0.420917696
   42.971084840    0.420918996    0.420917714
   43.100127137    0.420916566    0.420917782
   43.229169434    0.420919159    0.420917790
   43.358211731    0.420916561    0.420917854
   43.487254028    0.420919247    0.420917854
   43.616296325    0.420916615    0.420917914
   43.745338621    0.420919261    0.420917909
   43.874380918    0.420916728    0.420917964
   44.003423215    0.420919203    0.420917957
   44.132465512    0.420916899    0.420918007
   44.261507809    0.420919079    0.420917999
   44.390550105    0.420917119    0.420918042
   44.519592402    0.420918900    0.420918036
   44.648634699    0.420917381    0.420941847
   44.777676996    0.420918675    0.421005247
   44.906719293    0.420917673    0.421108304
   45.035761590    0.420918418    0.421250962
   45.164803886    0.420917982    0.421433264
   45.293846183    0.420918144    0.421655181
   45.422888480    0.420918293    0.421916727
   45.551930777    0.420917866    0.422217904
   45.680973074    0.420918592    0.422558695
   45.810015370    0.420917601    0.422915354
   45.939057667    0.420918865    0.423271987
   46.068099964    0.421464214    0.423628651
   46.197142261    0.422377373    0.423985276
   46.326184558    0.423286854    0.424341943
