    0.000000000    0.471922663    0.472092236
    0.127931910    0.472232261    0.472213195
    0.255863819    0.472540936    0.472334157
    0.383795729    0.472850467    0.472455115
    0.511727638    0.473159219    0.472576075
    0.639659548    0.473468657    0.472697031
    0.767591457    0.473592037    0.472817990
    0.895523367    0.473592240    0.472938945
    1.023455277    0.473592088    0.473059902
    1.151387186    0.473592166    0.473172791
    1.279319096    0.473592139    0.473272242
    1.407251005    0.473592088    0.473358250
    1.535182915    0.473592185    0.473430819
    1.663114824    0.473592011    0.473489945
    1.791046734    0.473592222    0.473535632
    1.918978644    0.473591938    0.473567877
    2.046910553    0.473592246    0.473586681
    2.174842463    0.473591873    0.473592045
    2.302774372    0.473592255    0.473592031
    2.430706282    0.473591819    0.473592017
    2.558638191    0.473592246    0.473592001
    2.686570101    0.473591776    0.473591986
    2.814502011    0.473592217    0.473591968
    2.942433920    0.473591745    0.473591951
    3.070365830    0.473592170    0.473591931
    3.198297739    0.473591727    0.473591913
    3.326229649    0.473592104    0.473591891
    3.454161558    0.473591718    0.473591870
    3.582093468    0.473592021    0.473591846
    3.710025377    0.473591717    0.473591823
    3.837957287    0.473591925    0.473591797
    3.965889197    0.473591721    0.473591771
    4.093821106    0.473591818    0.473591743
    4.221753016    0.473591724    0.473591714
    4.349684925    0.473591703    0.473591683
    4.477616835    0.473591723    0.473591651
    4.605548744    0.473591584    0.473591616
    4.733480654    0.473591713    0.473591580
    4.861412564    0.473591465    0.473591542
    4.989344473    0.473591690    0.473591501
    5.117276383    0.473591347    0.473591459
    5.245208292    0.473591650    0.473591412
    5.373140202    0.473591232    0.473591363
    5.501072111    0.473591587    0.473591308
    5.629004021    0.473591120    0.473591251
    5.756935931    0.473591499    0.473591187
    5.884867840    0.473591010    0.473591118
    6.012799750    0.473591381    0.473591041
    6.140731659    0.473590897    0.473590958
    6.268663569    0.473591228    0.473590864
    6.396595478    0.473590776    0.473590760
    6.524527388    0.473591037    0.473590643
    6.652459298    0.473590636    0.473590511
    6.780391207    0.473590798    0.473590362
    6.908323117    0.473590466    0.473590190
    7.036255026    0.473590503    0.473589998
    7.164186936    0.473590246    0.473589769
    7.292118845    0.473590135    0.473589517
    7.420050755    0.473589952    0.473589225
    7.547982665    0.473589672    0.473589143
    7.675914574    0.473589551    0.473589324
    7.803846484    0.473589077    0.473589629
    7.931778393    0.473588999    0.473590081
    8.059710303    0.473588300    0.473590594
    8.187642212    0.473588234    0.473591176
    8.315574122    0.473587262    0.473591747
    8.443506032    0.473587178    0.473592303
    8.571437941    0.473585843    0.473592767
    8.699369851    0.473585722    0.473593115
    8.827301760    0.473584277    0.473593269
    8.955233670    0.473589506    0.473593184
    9.083165579    0.473595044    0.473592772
    9.211097489    0.473598249    0.473591959
    9.339029398    0.473601172    0.473590642
    9.466961308    0.473602831    0.473588705
    9.594893218    0.473604021    0.473586017
    9.722825127    0.473603949    0.473582407
    9.850757037    0.473603251    0.473577703
    9.978688946    0.473601163    0.473571654
   10.106620856    0.473598252    0.473564027
   10.234552765    0.473593678    0.473554459
   10.362484675    0.473587991    0.473542614
   10.490416585    0.473580206    0.473527750
   10.618348494    0.473570858    0.473509312
   10.746280404    0.473558780    0.473486751
   10.874212313    0.473544441    0.473459326
   11.002144223    0.473526484    0.473426168
   11.130076132    0.473505206    0.473386248
   11.258008042    0.473479067    0.473338316
   11.385939952    0.473448045    0.473280939
   11.513871861    0.473410422    0.473212351
   11.641803771    0.473365656    0.473130699
   11.769735680    0.473311840    0.473033742
   11.897667590    0.473247653    0.472918494
   12.025599499    0.473170959    0.472781614
   12.153531409    0.473079355    0.472619109
   12.281463319    0.472970390    0.472426329
   12.409395228    0.472840199    0.472197794
   12.537327138    0.472685850    0.471927070
   12.665259047    0.472501524    0.471606612
   12.793190957    0.472283571    0.471227537
   12.921122866    0.472023654    0.470779433
   13.049054776    0.471720255    0.470250032
   13.176986686    0.471363650    0.469624931
   13.304918595    0.470937303    0.468887151
   13.432850505    0.470431947    0.468016696
   13.560782414    0.469833256    0.466989958
   13.688714324    0.469124837    0.465779030
   13.816646233    0.468288147    0.464350882
   13.944578143    0.467299828    0.462666300
   14.072510053    0.466134670    0.460678724
   14.200441962    0.464760334    0.458332667
   14.328373872    0.463141648    0.455562100
   14.456305781    0.461234202    0.452288236
   14.584237691    0.458988349    0.448417265
   14.712169600    0.456342897    0.443837439
   14.840101510    0.453227187    0.438416730
   14.968033420    0.449555987    0.431997877
   15.095965329    0.445228014    0.424394563
   15.223897239    0.440122980    0.415384458
   15.351829148    0.434094799    0.404702740
   15.479761058    0.426971609    0.392031379
   15.607692967    0.418542213    0.376990694
   15.735624877    0.408560536    0.359135443
   15.863556786    0.396724775    0.337968285
   15.991488696    0.382687921    0.312966154
   16.119420606    0.366027654    0.283627881
   16.247352515    0.346261000    0.249515009
   16.375284425    0.322798337    0.210319735
   16.503216334    0.294957028    0.165958713
   16.631148244    0.261892418    0.116530265
   16.759080153    0.222608625    0.062300854
   16.887012063    0.175858542    0.003740543
   17.014943973    0.120198899   -0.058474369
   17.142875882    0.054089574   -0.123486546
   17.270807792   -0.023702980   -0.190313103
   17.398739701   -0.113814821   -0.257889080
   17.526671611   -0.215791942   -0.325102531
   17.654603520   -0.328253139   -0.390820076
   17.782535430   -0.448264115   -0.453916946
   17.910467340   -0.570747519   -0.513299730
   18.038399249   -0.691626295   -0.567942072
   18.166331159   -0.807153473   -0.616926762
   18.294263068   -0.912792360   -0.659486228
   18.422194978   -1.003971372   -0.695004899
   18.550126887   -1.076737858   -0.723002448
   18.678058797   -1.128450269   -0.743115810
   18.805990707   -1.157522686   -0.755180326
   18.933922616   -1.163221466   -0.759222707
   19.061854526   -1.145475885   -0.755412797
   19.189786435   -1.104967005   -0.744068598
   19.317718345   -1.043005700   -0.725674680
   19.445650254   -0.961816831   -0.700945127
   19.573582164   -0.864755443   -0.670762490
   19.701514074   -0.756259101   -0.636168452
   19.829445983   -0.641070895   -0.598403640
   19.957377893   -0.523744717   -0.558910081
   20.085309802   -0.408517754   -0.519282287
   20.213241712   -0.301186840   -0.481174986
   20.341173621   -0.206789590   -0.446211736
   20.469105531   -0.128164028   -0.415905084
   20.597037441   -0.067336559   -0.391525088
   20.724969350   -0.025203994   -0.374081925
   20.852901260   -0.001967802   -0.364349165
   20.980833169    0.002574367   -0.362799388
   21.108765079   -0.011490612   -0.369554739
   21.236696988   -0.044201671   -0.384362198
   21.364628898   -0.095619519   -0.406636072
   21.492560807   -0.165298590   -0.435514478
   21.620492717   -0.251982348   -0.469910959
   21.748424627   -0.353367944   -0.508471969
   21.876356536   -0.466168463   -0.549641058
   22.004288446   -0.584735989   -0.591779490
   22.132220355   -0.703774257   -0.633239916
   22.260152265   -0.819152218   -0.672463039
   22.388084174   -0.926171954   -0.708064956
   22.516016084   -1.020128506   -0.738876099
   22.643947994   -1.096830673   -0.763937878
   22.771879903   -1.153369999   -0.782471086
   22.899811813   -1.187948058   -0.793927772
   23.027743722   -1.199636803   -0.798026414
   23.155675632   -1.188090081   -0.794686883
   23.283607541   -1.153678642   -0.784030730
   23.411539451   -1.097347945   -0.766381304
   23.539471361   -1.020926356   -0.742328803
   23.667403270   -0.927335829   -0.712696400
   23.795335180   -0.820811888   -0.678484623
   23.923267089   -0.706081927   -0.640895199
   24.051198999   -0.587911526   -0.601326028
   24.179130908   -0.470465453   -0.561330362
   24.307062818   -0.359123315   -0.522526764
   24.434994728   -0.259567349   -0.486511852
   24.562926637   -0.175173124   -0.454768124
   24.690858547   -0.108276425   -0.428563270
   24.818790456   -0.060231683   -0.408939091
   24.946722366   -0.031528446   -0.396686046
   25.074654275   -0.022228988   -0.392262496
   25.202586185   -0.032281348   -0.395785944
   25.330518095   -0.061615210   -0.407027974
   25.458450004   -0.110037575   -0.425449144
   25.586381914   -0.176930363   -0.450234079
   25.714313823   -0.260887244   -0.480346147
   25.842245733   -0.359605071   -0.514501926
   25.970177642   -0.469531056   -0.551188736
   26.098109552   -0.585378437   -0.588801166
   26.226041462   -0.702322534   -0.625734971
   26.353973371   -0.815527903   -0.660489999
   26.481905281   -0.919184703   -0.691740322
   26.609837190   -1.008375141   -0.718341947
   26.737769100   -1.079378570   -0.739281631
   26.865701009   -1.129768853   -0.753703046
   26.993632919   -1.157965028   -0.760965418
   27.121564828   -1.163043020   -0.760632515
   27.249496738   -1.144706221   -0.752444693
   27.377428648   -1.103363974   -0.736288985
   27.505360557   -1.040259018   -0.712209417
   27.633292467   -0.957753945   -0.680439175
   27.761224376   -0.859597330   -0.641357252
   27.889156286   -0.750285861   -0.595483389
   28.017088195   -0.634066385   -0.543530165
   28.145020105   -0.513894068   -0.486375558
   28.272952015   -0.393307760   -0.425018894
   28.400883924   -0.277072129   -0.360532230
   28.528815834   -0.169273588   -0.294028157
   28.656747743   -0.072567331   -0.226636665
   28.784679653    0.011976212   -0.159480351
   28.912611562    0.084298997   -0.093647864
   29.040543472    0.145337131   -0.030159094
   29.168475382    0.196561701    0.030080121
   29.296407291    0.239570928    0.086337443
   29.424339201    0.275739458    0.138083811
   29.552271110    0.306180817    0.184982222
   29.680203020    0.331824712    0.226829461
   29.808134929    0.353424403    0.263581413
   29.936066839    0.371628667    0.295404789
   30.063998749    0.386961295    0.322647680
   30.191930658    0.399889006    0.345776209
   30.319862568    0.410783226    0.365305666
   30.447794477    0.419982673    0.381755736
   30.575726387    0.427748016    0.395607244
   30.703658296    0.434321059    0.407278464
   30.831590206    0.439880607    0.417119432
   30.959522116    0.444597062    0.425421526
   31.087454025    0.448592447    0.432428514
   31.215385935    0.451987139    0.438344659
   31.343317844    0.454865498    0.443341929
   31.471249754    0.457312911    0.447564890
   31.599181663    0.459388851    0.451135456
   31.727113573    0.461153713    0.454156190
   31.855045483    0.462650614    0.456713639
   31.982977392    0.463921811    0.458879931
   32.110909302    0.464999748    0.460715940
   32.238841211    0.465913191    0.462272423
   32.366773121    0.466687628    0.463592357
   32.494705030    0.467341549    0.464711654
   32.622636940    0.467896034    0.465660869
   32.750568850    0.468361622    0.466465610
   32.878500759    0.468756774    0.467147745
   33.006432669    0.469084312    0.467725660
   33.134364578    0.469365883    0.468215091
   33.262296488    0.469604566    0.468629316
   33.390228397    0.469807387    0.468979692
   33.518160307    0.469976226    0.469275853
   33.646092216    0.470120156    0.469526001
   33.774024126    0.470239089    0.469737148
   33.901956036    0.470340902    0.469915209
   34.029887945    0.470424394    0.470065306
   34.157819855    0.470496166    0.470191689
   34.285751764    0.470554600    0.470298115
   34.413683674    0.470604975    0.470387614
   34.541615583    0.470645759    0.470463022
   34.669547493    0.470680887    0.470526332
   34.797479403    0.470709266    0.470579310
   34.925411312    0.470733502    0.470623527
   35.053343222    0.470753153    0.470660365
   35.181275131    0.470769566    0.470690926
   35.309207041    0.470783043    0.470716203
   35.437138950    0.470793787    0.470736966
   35.565070860    0.470802841    0.470753919
   35.693002770    0.470809425    0.470767575
   35.820934679    0.470815229    0.470778378
   35.948866589    0.470818696    0.470787026
   36.076798498    0.470822015    0.470793904
   36.204730408    0.470823075    0.470799308
   36.332662317    0.470824378    0.470803486
   36.460594227    0.470823491    0.470806643
   36.588526137    0.470823050    0.470808958
   36.716458046    0.470820481    0.470810575
   36.844389956    0.470818432    0.470811625
   36.972321865    0.470814321    0.470812209
   37.100253775    0.470810252    0.470812425
   37.228185684    0.470803082    0.470812345
   37.356117594    0.470803875    0.470812042
   37.484049504    0.470803954    0.470811570
   37.611981413    0.470805180    0.470810988
   37.739913323    0.470805352    0.470810335
   37.867845232    0.470806104    0.470809662
   37.995777142    0.470806395    0.470809000
   38.123709051    0.470806763    0.470808393
   38.251640961    0.470807187    0.470807869
   38.379572871    0.470807236    0.470807470
   38.507504780    0.470807795    0.470807221
   38.635436690    0.470807583    0.470807181
   38.763368599    0.470808265    0.470807428
   38.891300509    0.470807848    0.470807669
   39.019232418    0.470808626    0.470807885
   39.147164328    0.470808063    0.470808070
   39.275096237    0.470808901    0.470808234
   39.403028147    0.470808249    0.470808379
   39.530960057    0.470809105    0.470808504
   39.658891966    0.470808422    0.470808620
   39.786823876    0.470809251    0.470808718
   39.914755785    0.470808591    0.470808813
   40.042687695    0.470809349    0.470808891
   40.170619604    0.470808761    0.470808971
   40.298551514    0.470809408    0.470809035
   40.426483424    0.470808932    0.470809102
   40.554415333    0.470809437    0.470809156
   40.682347243    0.470809104    0.470809214
   40.810279152    0.470809444    0.470809260
   40.938211062    0.470809274    0.470809311
   41.066142971    0.470809437    0.470809351
   41.194074881    0.470809439    0.470809396
   41.322006791    0.470809424    0.470809432
   41.449938700    0.470809593    0.470809472
   41.577870610    0.470809410    0.470809504
   41.705802519    0.470809732    0.470809540
   41.833734429    0.470809403    0.470809570
   41.961666338    0.470809853    0.470809601
   42.089598248    0.470809406    0.470809630
   42.217530158    0.470809952    0.470809658
   42.345462067    0.470809423    0.470809685
   42.473393977    0.470810027    0.470809709
   42.601325886    0.470809455    0.470809735
   42.729257796    0.470810078    0.470809756
   42.857189705    0.470809505    0.470809780
   42.985121615    0.470810105    0.470809799
   43.113053525    0.470809571    0.470809822
   43.240985434    0.470810110    0.470809839
   43.368917344    0.470809650    0.470809860
   43.496849253    0.470810095    0.470809875
   43.624781163    0.470809740    0.470809894
   43.752713072    0.470810065    0.470809907
   43.880644982    0.470809837    0.470809924
   44.008576892    0.470810024    0.470809936
   44.136508801    0.470809935    0.470809951
   44.264440711    0.470809977    0.470818026
   44.392372620    0.470810031    0.470839543
   44.520304530    0.470809929    0.470874497
   44.648236439    0.470810119    0.470922892
   44.776168349    0.470809884    0.470984725
   44.904100259    0.470810195    0.471059998
   45.032032168    0.470809847    0.471148710
   45.159964078    0.470810255    0.471250861
   45.287895987    0.470809821    0.471366452
   45.415827897    0.470810297    0.471487417
   45.543759806    0.470809808    0.471608383
   45.671691716    0.470995792    0.471729346
   45.799623625    0.471304404    0.471850311
   45.927555535    0.471614036    0.471971272
