    0.000000000    0.328279061    0.328664935
    0.127652650    0.328983462    0.328940635
    0.255305300    0.329688207    0.329216334
    0.382957950    0.330392580    0.329492032
    0.510610600    0.331097341    0.329767729
    0.638263250    0.331801700    0.330043424
    0.765915900    0.332083723    0.330319119
    0.893568550    0.332083518    0.330594811
    1.021221200    0.332083701    0.330870504
    1.148873851    0.332083513    0.331127814
    1.276526501    0.332083666    0.331354491
    1.404179151    0.332083511    0.331550531
    1.531831801    0.332083620    0.331715940
    1.659484451    0.332083510    0.331850711
    1.787137101    0.332083563    0.331954850
    1.914789751    0.332083509    0.332028353
    2.042442401    0.332083498    0.332071223
    2.170095051    0.332083505    0.332083456
    2.297747701    0.332083428    0.332083437
    2.425400351    0.332083495    0.332083415
    2.553053001    0.332083354    0.332083393
    2.680705651    0.332083478    0.332083368
    2.808358301    0.332083279    0.332083343
    2.936010951    0.332083450    0.332083316
    3.063663601    0.332083206    0.332083288
    3.191316251    0.332083409    0.332083259
    3.318968902    0.332083135    0.332083227
    3.446621552    0.332083354    0.332083195
    3.574274202    0.332083068    0.332083160
    3.701926852    0.332083283    0.332083125
    3.829579502    0.332083006    0.332083087
    3.957232152    0.332083196    0.332083049
    4.084884802    0.332082947    0.332083006
    4.212537452    0.332083093    0.332082964
    4.340190102    0.332082890    0.332082918
    4.467842752    0.332082974    0.332082871
    4.595495402    0.332082831    0.332082820
    4.723148052    0.332082843    0.332082768
    4.850800702    0.332082769    0.332082711
    4.978453352    0.332082699    0.332082653
    5.106106002    0.332082698    0.332082590
    5.233758652    0.332082544    0.332082524
    5.361411302    0.332082614    0.332082452
    5.489063953    0.332082381    0.332082377
    5.616716603    0.332082510    0.332082294
    5.744369253    0.332082208    0.332082207
    5.872021903    0.332082382    0.332082111
    5.999674553    0.332082024    0.332082007
    6.127327203    0.332082221    0.332081894
    6.254979853    0.332081825    0.332081769
    6.382632503    0.332082020    0.332081632
    6.510285153    0.332081606    0.332081480
    6.637937803    0.332081771    0.332081310
    6.765590453    0.332081355    0.332081122
    6.893243103    0.332081460    0.332080907
    7.020895753    0.332081056    0.332080671
    7.148548403    0.332081074    0.332080394
    7.276201053    0.332080688    0.332080092
    7.403853703    0.332080591    0.332079738
    7.531506354    0.332080218    0.332079547
    7.659159004    0.332079985    0.332079658
    7.786811654    0.332079603    0.332079896
    7.914464304    0.332079213    0.332080252
    8.042116954    0.332078782    0.332080665
    8.169769604    0.332078223    0.332081188
    8.297422254    0.332077671    0.332081717
    8.425074904    0.332076939    0.332082237
    8.552727554    0.332076147    0.332082680
    8.680380204    0.332075258    0.332083016
    8.808032854    0.332074249    0.332083183
    8.935685504    0.332077620    0.332083126
    9.063338154    0.332084779    0.332082781
    9.190990804    0.332087296    0.332082063
    9.318643454    0.332090221    0.332080900
    9.446296104    0.332091091    0.332079171
    9.573948754    0.332093808    0.332076784
    9.701601405    0.332093522    0.332073567
    9.829254055    0.332093409    0.332069401
    9.956906705    0.332091244    0.332064049
   10.084559355    0.332088818    0.332057343
   10.212212005    0.332084524    0.332048956
   10.339864655    0.332079285    0.332038648
   10.467517305    0.332072272    0.332025781
   10.595169955    0.332063483    0.332009831
   10.722822605    0.332052857    0.331990401
   10.850475255    0.332039435    0.331966948
   10.978127905    0.332023872    0.331938760
   11.105780555    0.332004252    0.331904997
   11.233433205    0.331981853    0.331864712
   11.361085855    0.331953825    0.331816814
   11.488738505    0.331921912    0.331759947
   11.616391155    0.331882359    0.331692796
   11.744043805    0.331837159    0.331613650
   11.871696456    0.331781687    0.331520213
   11.999349106    0.331717924    0.331409964
   12.127001756    0.331640411    0.331279918
   12.254654406    0.331550801    0.331126702
   12.382307056    0.331442765    0.330946199
   12.509959706    0.331317267    0.330733732
   12.637612356    0.331166951    0.330483757
   12.765265006    0.330991777    0.330189896
   12.892917656    0.330783283    0.329844604
   13.020570306    0.330544350    0.329439168
   13.148222956    0.330264172    0.328963309
   13.275875606    0.329930226    0.328405119
   13.403528256    0.329536542    0.327750565
   13.531180906    0.329072442    0.326983318
   13.658833556    0.328528874    0.326084115
   13.786486206    0.327887867    0.325030431
   13.914138856    0.327137131    0.323795660
   14.041791507    0.326254841    0.322348554
   14.169444157    0.325223037    0.320652136
   14.297096807    0.324012123    0.318662738
   14.424749457    0.322596874    0.316328513
   14.552402107    0.320937611    0.313587755
   14.680054757    0.318998777    0.310367218
   14.807707407    0.316726948    0.306580403
   14.935360057    0.314071237    0.302124522
   15.063012707    0.310958746    0.296877995
   15.190665357    0.307316061    0.290696658
   15.318318007    0.303043033    0.283409722
   15.445970657    0.298033828    0.274814049
   15.573623307    0.292149339    0.264667460
   15.701275957    0.285235620    0.252680587
   15.828928607    0.277096120    0.238513736
   15.956581257    0.267506925    0.221793845
   16.084233907    0.256191822    0.202147839
   16.211886558    0.242833460    0.179248948
   16.339539208    0.227051280    0.152865040
   16.467191858    0.208402339    0.122944699
   16.594844508    0.186358112    0.089655358
   16.722497158    0.160288351    0.053349078
   16.850149808    0.129436643    0.014481632
   16.977802458    0.092883304   -0.026456357
   17.105455108    0.049524953   -0.068946205
   17.233107758   -0.001825451   -0.112447327
   17.360760408   -0.061960614   -0.156397916
   17.488413058   -0.130920541   -0.200223639
   17.616065708   -0.207675717   -0.243338788
   17.743718358   -0.290102931   -0.285151822
   17.871371008   -0.374096607   -0.325063802
   17.999023658   -0.454696102   -0.362472842
   18.126676308   -0.527728375   -0.396771649
   18.254328959   -0.590908211   -0.427351262
   18.381981609   -0.643539919   -0.453605380
   18.509634259   -0.685117177   -0.474992030
   18.637286909   -0.715290172   -0.491114155
   18.764939559   -0.733767440   -0.501757221
   18.892592209   -0.740484698   -0.506877959
   19.020244859   -0.735456618   -0.506552988
   19.147897509   -0.718866321   -0.500977475
   19.275550159   -0.690924241   -0.490469461
   19.403202809   -0.652005603   -0.475524446
   19.530855459   -0.602514447   -0.456839046
   19.658508109   -0.543042750   -0.435283053
   19.786160759   -0.474408055   -0.411832742
   19.913813409   -0.399009642   -0.387508613
   20.041466059   -0.321283929   -0.363354293
   20.169118709   -0.246615976   -0.340398622
   20.296771359   -0.179737580   -0.319609884
   20.424424010   -0.123446217   -0.301838868
   20.552076660   -0.079438924   -0.287731925
   20.679729310   -0.048418603   -0.277691775
   20.807381960   -0.030361256   -0.271916480
   20.935034610   -0.024931916   -0.270479774
   21.062687260   -0.031940524   -0.273402066
   21.190339910   -0.051551051   -0.280652470
   21.317992560   -0.084084950   -0.292146802
   21.445645210   -0.129567824   -0.307679088
   21.573297860   -0.187309742   -0.326841415
   21.700950510   -0.255626474   -0.348986279
   21.828603160   -0.331751320   -0.373265007
   21.956255810   -0.410996935   -0.398715501
   22.083908460   -0.487942872   -0.424317996
   22.211561110   -0.558092446   -0.449038813
   22.339213760   -0.618961373   -0.471868939
   22.466866410   -0.669727167   -0.491848248
   22.594519061   -0.709802037   -0.508130409
   22.722171711   -0.738777685   -0.520055720
   22.849824361   -0.756252217   -0.527183295
   22.977477011   -0.762017455   -0.529272949
   23.105129661   -0.755947841   -0.526231625
   23.232782311   -0.738148337   -0.518110346
   23.360434961   -0.708807572   -0.505106759
   23.488087611   -0.668296311   -0.487617824
   23.615740261   -0.616997404   -0.466257448
   23.743392911   -0.555454134   -0.441822675
   23.871045561   -0.484456035   -0.415220334
   23.998698211   -0.406430217   -0.387402801
   24.126350861   -0.325833217   -0.359357158
   24.254003511   -0.248019176   -0.332081626
   24.381656161   -0.177629865   -0.306563285
   24.509308811   -0.117359289   -0.283716370
   24.636961461   -0.068837059   -0.264318437
   24.764614112   -0.032668814   -0.248991173
   24.892266762   -0.008751425   -0.238185478
   25.019919412    0.003345764   -0.232167842
   25.147572062    0.003907348   -0.231041463
   25.275224712   -0.007107547   -0.234796271
   25.402877362   -0.029923894   -0.243353504
   25.530530012   -0.064752259   -0.256514135
   25.658182662   -0.111440440   -0.273878927
   25.785835312   -0.169330365   -0.294814805
   25.913487962   -0.236538433   -0.318493374
   26.041140612   -0.309795361   -0.343978471
   26.168793262   -0.385621282   -0.370278110
   26.296445912   -0.460276590   -0.396388051
   26.424098562   -0.529890676   -0.421328398
   26.551751212   -0.591090685   -0.444165010
   26.679403862   -0.641814727   -0.464043660
   26.807056512   -0.681272394   -0.480193316
   26.934709163   -0.709124721   -0.491954593
   27.062361813   -0.725223430   -0.498816580
   27.190014463   -0.729544366   -0.500424976
   27.317667113   -0.722236952   -0.496569410
   27.445319763   -0.703516532   -0.487170542
   27.572972413   -0.673728759   -0.472306602
   27.700625063   -0.633197445   -0.452192592
   27.828277713   -0.582379417   -0.427176714
   27.955930363   -0.521896302   -0.397735909
   28.083583013   -0.453301599   -0.364453347
   28.211235663   -0.378549643   -0.327967316
   28.338888313   -0.300433263   -0.288921590
   28.466540963   -0.222577950   -0.247950902
   28.594193613   -0.148433557   -0.205675957
   28.721846263   -0.080652355   -0.162701696
   28.849498913   -0.020364454   -0.119611720
   28.977151564    0.032075247   -0.076968267
   29.104804214    0.077000951   -0.035307837
   29.232456864    0.115088618    0.004855542
   29.360109514    0.147247827    0.043035278
   29.487762164    0.174408252    0.078777580
   29.615414814    0.197363981    0.111701551
   29.743067464    0.216779298    0.141515281
   29.870720114    0.233201105    0.168052114
   29.998372764    0.247100299    0.191305855
   30.126025414    0.258863643    0.211423055
   30.253678064    0.268832491    0.228667590
   30.381330714    0.277282896    0.243354457
   30.508983364    0.284461117    0.255815529
   30.636636014    0.290560291    0.266369598
   30.764288664    0.295754490    0.275307118
   30.891941314    0.300176659    0.282880056
   31.019593964    0.303949735    0.289300696
   31.147246615    0.307166145    0.294747650
   31.274899265    0.309913893    0.299371186
   31.402551915    0.312258093    0.303298315
   31.530204565    0.314262054    0.306635930
   31.657857215    0.315971941    0.309474711
   31.785509865    0.317433488    0.311891021
   31.913162515    0.318679894    0.313949157
   32.040815165    0.319744533    0.315703093
   32.168467815    0.320651595    0.317198480
   32.296120465    0.321425406    0.318473702
   32.423773115    0.322082965    0.319561404
   32.551425765    0.322643917    0.320489121
   32.679078415    0.323120618    0.321280383
   32.806731065    0.323525078    0.321955079
   32.934383715    0.323865447    0.322530264
   33.062036365    0.324155618    0.323020386
   33.189689015    0.324407604    0.323437873
   33.317341666    0.324620021    0.323793278
   33.444994316    0.324801650    0.324095694
   33.572646966    0.324954186    0.324352848
   33.700299616    0.325084614    0.324571402
   33.827952266    0.325193800    0.324757023
   33.955604916    0.325287228    0.324914627
   34.083257566    0.325365159    0.325048317
   34.210910216    0.325431908    0.325161658
   34.338562866    0.325487349    0.325257714
   34.466215516    0.325534867    0.325339200
   34.593868166    0.325574141    0.325408235
   34.721520816    0.325607796    0.325466429
   34.849173466    0.325635450    0.325515440
   34.976826116    0.325659085    0.325556576
   35.104478766    0.325678349    0.325591037
   35.232131416    0.325694685    0.325619773
   35.359784066    0.325707842    0.325643603
   35.487436717    0.325718797    0.325663227
   35.615089367    0.325727454    0.325679204
   35.742742017    0.325734369    0.325692243
   35.870394667    0.325739639    0.325702921
   35.998047317    0.325743415    0.325711573
   36.125699967    0.325746057    0.325718563
   36.253352617    0.325747271    0.325724122
   36.381005267    0.325747798    0.325728513
   36.508657917    0.325746776    0.325731899
   36.636310567    0.325745550    0.325734474
   36.763963217    0.325741893    0.325736356
   36.891615867    0.325738568    0.325737686
   37.019268517    0.325732631    0.325738553
   37.146921167    0.325731807    0.325739059
   37.274573817    0.325732950    0.325739275
   37.402226467    0.325733854    0.325739274
   37.529879117    0.325734920    0.325739115
   37.657531768    0.325735643    0.325738853
   37.785184418    0.325736438    0.325738543
   37.912837068    0.325736973    0.325738220
   38.040489718    0.325737576    0.325737944
   38.168142368    0.325737971    0.325737730
   38.295795018    0.325738438    0.325737677
   38.423447668    0.325738730    0.325737777
   38.551100318    0.325739101    0.325738135
   38.678752968    0.325739315    0.325738538
   38.806405618    0.325739618    0.325738890
   38.934058268    0.325739771    0.325739211
   39.061710918    0.325740030    0.325739484
   39.189363568    0.325740134    0.325739734
   39.317016218    0.325740363    0.325739947
   39.444668868    0.325740428    0.325740145
   39.572321518    0.325740638    0.325740314
   39.699974169    0.325740670    0.325740473
   39.827626819    0.325740869    0.325740610
   39.955279469    0.325740875    0.325740741
   40.082932119    0.325741066    0.325740854
   40.210584769    0.325741051    0.325740963
   40.338237419    0.325741236    0.325741058
   40.465890069    0.325741206    0.325741150
   40.593542719    0.325741384    0.325741232
   40.721195369    0.325741346    0.325741311
   40.848848019    0.325741514    0.325741383
   40.976500669    0.325741474    0.325741452
   41.104153319    0.325741627    0.325741516
   41.231805969    0.325741594    0.325741576
   41.359458619    0.325741726    0.325741634
   41.487111269    0.325741707    0.325741688
   41.614763919    0.325741813    0.325741740
   41.742416569    0.325741814    0.325741788
   41.870069220    0.325741889    0.325741835
   41.997721870    0.325741916    0.325741879
   42.125374520    0.325741955    0.325741922
   42.253027170    0.325742012    0.325741962
   42.380679820    0.325742014    0.325742002
   42.508332470    0.325742102    0.325742037
   42.635985120    0.325742067    0.325742074
   42.763637770    0.325742186    0.325742107
   42.891290420    0.325742116    0.325742140
   43.018943070    0.325742261    0.325742170
   43.146595720    0.325742162    0.325742200
   43.274248370    0.325742328    0.325742227
   43.401901020    0.325742207    0.325742254
   43.529553670    0.325742385    0.325742279
   43.657206320    0.325742252    0.325742303
   43.784858970    0.325742431    0.325742325
   43.912511620    0.325742297    0.325742346
   44.040164271    0.325742467    0.325742367
   44.167816921    0.325742344    0.325760765
   44.295469571    0.325742492    0.325809796
   44.423122221    0.325742391    0.325889458
   44.550774871    0.325742506    0.325999754
   44.678427521    0.325742438    0.326140680
   44.806080171    0.325742511    0.326312240
   44.933732821    0.325742484    0.326514430
   45.061385471    0.325742509    0.326747254
   45.189038121    0.325742527    0.327010708
   45.316690771    0.325742501    0.327286417
   45.444343421    0.325742566    0.327562122
   45.571996071    0.326165228    0.327837828
   45.699648721    0.326869904    0.328113531
   45.827301371    0.327574345    0.328389234
