    0.000000000    0.333843095    0.333665295
    0.127104992    0.333518558    0.333538186
    0.254209983    0.333193468    0.333411069
    0.381314975    0.332868799    0.333283958
    0.508419967    0.332543851    0.333156842
    0.635524959    0.332219031    0.333029728
    0.762629950    0.332089143    0.332902614
    0.889734942    0.332089014    0.332775497
    1.016839934    0.332089211    0.332648384
    1.143944925    0.332088940    0.332529739
    1.271049917    0.332089265    0.332425224
    1.398154909    0.332088881    0.332334824
    1.525259901    0.332089301    0.332258557
    1.652364892    0.332088840    0.332196403
    1.779469884    0.332089312    0.332148383
    1.906574876    0.332088821    0.332114475
    2.033679867    0.332089298    0.332094702
    2.160784859    0.332088826    0.332089041
    2.287889851    0.332089257    0.332089039
    2.414994843    0.332088851    0.332089027
    2.542099834    0.332089193    0.332089024
    2.669204826    0.332088895    0.332089012
    2.796309818    0.332089111    0.332089006
    2.923414809    0.332088950    0.332088995
    3.050519801    0.332089016    0.332088986
    3.177624793    0.332089010    0.332088975
    3.304729785    0.332088916    0.332088964
    3.431834776    0.332089067    0.332088953
    3.558939768    0.332088820    0.332088938
    3.686044760    0.332089111    0.332088927
    3.813149752    0.332088733    0.332088909
    3.940254743    0.332089137    0.332088898
    4.067359735    0.332088663    0.332088876
    4.194464727    0.332089137    0.332088863
    4.321569718    0.332088612    0.332088838
    4.448674710    0.332089109    0.332088823
    4.575779702    0.332088582    0.332088794
    4.702884694    0.332089049    0.332088775
    4.829989685    0.332088571    0.332088742
    4.957094677    0.332088959    0.332088717
    5.084199669    0.332088576    0.332088679
    5.211304660    0.332088841    0.332088646
    5.338409652    0.332088588    0.332088601
    5.465514644    0.332088699    0.332088558
    5.592619636    0.332088599    0.332088504
    5.719724627    0.332088535    0.332088448
    5.846829619    0.332088596    0.332088382
    5.973934611    0.332088354    0.332088308
    6.101039602    0.332088565    0.332088224
    6.228144594    0.332088158    0.332088126
    6.355249586    0.332088492    0.332088017
    6.482354578    0.332087943    0.332087888
    6.609459569    0.332088360    0.332087744
    6.736564561    0.332087704    0.332087574
    6.863669553    0.332088149    0.332087381
    6.990774544    0.332087426    0.332087153
    7.117879536    0.332087839    0.332086893
    7.244984528    0.332087086    0.332086587
    7.372089520    0.332087402    0.332086233
    7.499194511    0.332086650    0.332085932
    7.626299503    0.332086804    0.332085964
    7.753404495    0.332086068    0.332086164
    7.880509486    0.332085995    0.332086538
    8.007614478    0.332085269    0.332087008
    8.134719470    0.332084912    0.332087553
    8.261824462    0.332084160    0.332088118
    8.388929453    0.332083460    0.332088658
    8.516034445    0.332082607    0.332089130
    8.643139437    0.332081505    0.332089463
    8.770244428    0.332080461    0.332089621
    8.897349420    0.332081419    0.332089505
    9.024454412    0.332089294    0.332089077
    9.151559404    0.332092768    0.332088207
    9.278664395    0.332097095    0.332086844
    9.405769387    0.332098741    0.332084820
    9.532874379    0.332100902    0.332082054
    9.659979370    0.332100713    0.332078331
    9.787084362    0.332100557    0.332073539
    9.914189354    0.332098288    0.332067400
   10.041294346    0.332095489    0.332059725
   10.168399337    0.332090724    0.332050163
   10.295504329    0.332084731    0.332038429
   10.422609321    0.332076812    0.332023954
   10.549714313    0.332066791    0.332006023
   10.676819304    0.332054718    0.331984190
   10.803924296    0.332039456    0.331957818
   10.931029288    0.332021642    0.331926177
   11.058134279    0.331999274    0.331888390
   11.185239271    0.331973946    0.331843427
   11.312344263    0.331942258    0.331790083
   11.439449255    0.331906083    0.331726975
   11.566554246    0.331861586    0.331652742
   11.693659238    0.331810589    0.331565433
   11.820764230    0.331748486    0.331462680
   11.947869221    0.331676891    0.331341871
   12.074974213    0.331590596    0.331199830
   12.202079205    0.331490546    0.331033015
   12.329184197    0.331371003    0.330837137
   12.456289188    0.331231791    0.330607400
   12.583394180    0.331066566    0.330338030
   12.710499172    0.330873640    0.330022494
   12.837604163    0.330646816    0.329653013
   12.964709155    0.330388131    0.329220716
   13.091814147    0.330082600    0.328715085
   13.218919139    0.329721410    0.328124046
   13.346024130    0.329298222    0.327433348
   13.473129122    0.328799850    0.326626504
   13.600234114    0.328217952    0.325684087
   13.727339105    0.327534282    0.324583475
   13.854444097    0.326737680    0.323298025
   13.981549089    0.325803768    0.321796485
   14.108654081    0.324716621    0.320042054
   14.235759072    0.323444185    0.317991292
   14.362864064    0.321963258    0.315592901
   14.489969056    0.320232060    0.312785833
   14.617074047    0.318216693    0.309498426
   14.744179039    0.315862444    0.305645853
   14.871284031    0.313119481    0.301128187
   14.998389023    0.309915005    0.295827299
   15.125494014    0.306176474    0.289604173
   15.252599006    0.301805636    0.282294028
   15.379703998    0.296696386    0.273702195
   15.506808989    0.290714647    0.263596680
   15.633913981    0.283706111    0.251705122
   15.761018973    0.275483834    0.237713281
   15.888123965    0.265825550    0.221279464
   16.015228956    0.254472255    0.202057182
   16.142333948    0.241112216    0.179739605
   16.269438940    0.225391902    0.154091315
   16.396543931    0.206879432    0.125016979
   16.523648923    0.185086057    0.092625086
   16.650753915    0.159400946    0.057170027
   16.777858907    0.129125522    0.019005166
   16.904963898    0.093376924   -0.021456966
   17.032068890    0.051210794   -0.063755218
   17.159173882    0.001631834   -0.107377789
   17.286278874   -0.056014535   -0.151766935
   17.413383865   -0.121880416   -0.196328533
   17.540488857   -0.195087597   -0.240447295
   17.667593849   -0.274048225   -0.283497605
   17.794698840   -0.355590234   -0.324854587
   17.921803832   -0.435098529   -0.363897548
   18.048908824   -0.509289888   -0.400018288
   18.176013816   -0.575986163   -0.432622433
   18.303118807   -0.633932666   -0.461136938
   18.430223799   -0.682145149   -0.485011914
   18.557328791   -0.719613007   -0.503761787
   18.684433782   -0.745466536   -0.517007840
   18.811538774   -0.759091199   -0.524562823
   18.938643766   -0.760259271   -0.526437728
   19.065748758   -0.749044920   -0.522799031
   19.192853749   -0.725818673   -0.513969666
   19.319958741   -0.691108675   -0.500454125
   19.447063733   -0.645690963   -0.482976264
   19.574168724   -0.590494381   -0.462405239
   19.701273716   -0.526708099   -0.439704031
   19.828378708   -0.455747522   -0.415879985
   19.955483700   -0.380036290   -0.391957585
   20.082588691   -0.303027388   -0.368944564
   20.209693683   -0.229779138   -0.347789924
   20.336798675   -0.165003224   -0.329328649
   20.463903666   -0.111397565   -0.314179522
   20.591008658   -0.070972829   -0.302762280
   20.718113650   -0.044732794   -0.295348777
   20.845218642   -0.033107727   -0.292100812
   20.972323633   -0.036156327   -0.293091613
   21.099428625   -0.053858360   -0.298302202
   21.226533617   -0.085979609   -0.307620127
   21.353638608   -0.131929956   -0.320836653
   21.480743600   -0.190313518   -0.337618416
   21.607848592   -0.258909819   -0.357473584
   21.734953584   -0.334481870   -0.379699129
   21.862058575   -0.411829351   -0.403406833
   21.989163567   -0.486448351   -0.427626508
   22.116268559   -0.555308119   -0.451342948
   22.243373550   -0.616405475   -0.473550071
   22.370478542   -0.668479392   -0.493278807
   22.497583534   -0.710337932   -0.509645782
   22.624688526   -0.741020353   -0.521901196
   22.751793517   -0.759727639   -0.529502362
   22.878898509   -0.766016823   -0.532159188
   23.006003501   -0.759696256   -0.529784043
   23.133108492   -0.740966678   -0.522483242
   23.260213484   -0.710280414   -0.510565619
   23.387318476   -0.668450090   -0.494592667
   23.514423468   -0.616450944   -0.475329169
   23.641528459   -0.555496617   -0.453664064
   23.768633451   -0.486868658   -0.430559057
   23.895738443   -0.412596758   -0.407001003
   24.022843435   -0.335732873   -0.383973995
   24.149948426   -0.260806430   -0.362414278
   24.277053418   -0.193036959   -0.343160626
   24.404158410   -0.135685189   -0.326880093
   24.531263401   -0.090991387   -0.314069274
   24.658368393   -0.060376541   -0.305083215
   24.785473385   -0.044451472   -0.300141010
   24.912578377   -0.043387893   -0.299349153
   25.039683368   -0.057010699   -0.302721552
   25.166788360   -0.084990319   -0.310178701
   25.293893352   -0.126644152   -0.321553787
   25.420998343   -0.180716748   -0.336565825
   25.548103335   -0.245146843   -0.354786388
   25.675208327   -0.316893649   -0.375587524
   25.802313319   -0.391564556   -0.398130359
   25.929418310   -0.465047428   -0.421463985
   26.056523302   -0.534287332   -0.444581642
   26.183628294   -0.596609688   -0.466454929
   26.310733285   -0.650237379   -0.486066267
   26.437838277   -0.694016134   -0.502432755
   26.564943269   -0.727011044   -0.514688696
   26.692048261   -0.748495616   -0.522162054
   26.819153252   -0.757873642   -0.524389745
   26.946258244   -0.754805816   -0.521102231
   27.073363236   -0.739232573   -0.512190060
   27.200468227   -0.711522159   -0.497703960
   27.327573219   -0.672358575   -0.477875425
   27.454678211   -0.622697499   -0.453078007
   27.581783203   -0.563462142   -0.423770403
   27.708888194   -0.495512245   -0.390482955
   27.835993186   -0.419817132   -0.353787468
   27.963098178   -0.338897333   -0.314275324
   28.090203169   -0.256877553   -0.272553831
   28.217308161   -0.177881041   -0.229240338
   28.344413153   -0.105103940   -0.184960637
   28.471518145   -0.040166900   -0.140339681
   28.598623136    0.016286649   -0.095992419
   28.725728128    0.064491745   -0.052506442
   28.852833120    0.105293193   -0.010430632
   28.979938111    0.139787546    0.029735775
   29.107043103    0.169001622    0.067539959
   29.234148095    0.193758828    0.102572187
   29.361253087    0.214763172    0.134469278
   29.488358078    0.232583288    0.162981716
   29.615463070    0.247714734    0.188042447
   29.742568062    0.260559477    0.209766589
   29.869673053    0.271476165    0.228410497
   29.996778045    0.280754463    0.244303053
   30.123883037    0.288655301    0.257802786
   30.250988029    0.295385056    0.269259478
   30.378093020    0.301129875    0.278987446
   30.505198012    0.306034085    0.287254367
   30.632303004    0.310228991    0.294284245
   30.759407996    0.313815965    0.300266005
   30.886512987    0.316888738    0.305358715
   31.013617979    0.319519261    0.309697212
   31.140722971    0.321774223    0.313395385
   31.267827962    0.323705958    0.316549974
   31.394932954    0.325361870    0.319242582
   31.522037946    0.326780517    0.321542423
   31.649142938    0.327995668    0.323508137
   31.776247929    0.329036449    0.325189197
   31.903352921    0.329926731    0.326627301
   32.030457913    0.330688825    0.327857917
   32.157562904    0.331339303    0.328911057
   32.284667896    0.331895496    0.329812377
   32.411772888    0.332368726    0.330583622
   32.538877880    0.332772719    0.331243471
   32.665982871    0.333115023    0.331807792
   32.793087863    0.333406140    0.332290259
   32.920192855    0.333650818    0.332702513
   33.047297846    0.333866710    0.333054616
   33.174402838    0.334049444    0.333355133
   33.301507830    0.334206259    0.333611491
   33.428612822    0.334338253    0.333830012
   33.555717813    0.334451210    0.334016165
   33.682822805    0.334546335    0.334174621
   33.809927797    0.334627370    0.334309423
   33.937032788    0.334695779    0.334424025
   34.064137780    0.334753611    0.334521412
   34.191242772    0.334802697    0.334604136
   34.318347764    0.334843712    0.334674412
   34.445452755    0.334878892    0.334734148
   34.572557747    0.334907569    0.334784594
   34.699662739    0.334932667    0.334827094
   34.826767730    0.334952718    0.334862775
   34.953872722    0.334970356    0.334892631
   35.080977714    0.334983776    0.334917489
   35.208082706    0.334995944    0.334938042
   35.335187697    0.335004585    0.334954922
   35.462292689    0.335012620    0.334968555
   35.589397681    0.335017672    0.334979450
   35.716502672    0.335022485    0.334988292
   35.843607664    0.335024750    0.334995350
   35.970712656    0.335026952    0.335000953
   36.097817648    0.335026942    0.335005303
   36.224922639    0.335026934    0.335008622
   36.352027631    0.335024928    0.335011061
   36.479132623    0.335022958    0.335012780
   36.606237614    0.335019058    0.335013906
   36.733342606    0.335015592    0.335014540
   36.860447598    0.335009340    0.335014791
   36.987552590    0.335004206    0.335014719
   37.114657581    0.335006051    0.335014424
   37.241762573    0.335006052    0.335013936
   37.368867565    0.335007761    0.335013352
   37.495972557    0.335007634    0.335012679
   37.623077548    0.335009004    0.335012014
   37.750182540    0.335008800    0.335011347
   37.877287532    0.335009895    0.335010783
   38.004392523    0.335009680    0.335010293
   38.131497515    0.335010525    0.335009993
   38.258602507    0.335010360    0.335009826
   38.385707499    0.335010960    0.335009956
   38.512812490    0.335010895    0.335010288
   38.639917482    0.335011255    0.335010565
   38.767022474    0.335011323    0.335010820
   38.894127465    0.335011454    0.335011026
   39.021232457    0.335011667    0.335011217
   39.148337449    0.335011589    0.335011370
   39.275442441    0.335011942    0.335011514
   39.402547432    0.335011687    0.335011628
   39.529652424    0.335012157    0.335011739
   39.656757416    0.335011766    0.335011825
   39.783862407    0.335012318    0.335011912
   39.910967399    0.335011841    0.335011977
   40.038072391    0.335012430    0.335012046
   40.165177383    0.335011923    0.335012096
   40.292282374    0.335012498    0.335012151
   40.419387366    0.335012015    0.335012190
   40.546492358    0.335012527    0.335012235
   40.673597349    0.335012119    0.335012267
   40.800702341    0.335012525    0.335012302
   40.927807333    0.335012233    0.335012330
   41.054912325    0.335012499    0.335012358
   41.182017316    0.335012353    0.335012383
   41.309122308    0.335012458    0.335012405
   41.436227300    0.335012472    0.335012428
   41.563332291    0.335012412    0.335012445
   41.690437283    0.335012583    0.335012466
   41.817542275    0.335012369    0.335012479
   41.944647267    0.335012680    0.335012500
   42.071752258    0.335012336    0.335012510
   42.198857250    0.335012757    0.335012529
   42.325962242    0.335012321    0.335012536
   42.453067233    0.335012809    0.335012554
   42.580172225    0.335012327    0.335012560
   42.707277217    0.335012834    0.335012577
   42.834382209    0.335012356    0.335012582
   42.961487200    0.335012832    0.335012597
   43.088592192    0.335012407    0.335012601
   43.215697184    0.335012806    0.335012614
   43.342802175    0.335012476    0.335012619
   43.469907167    0.335012759    0.335012629
   43.597012159    0.335012559    0.335012635
   43.724117151    0.335012700    0.335012643
   43.851222142    0.335012648    0.335012649
   43.978327134    0.335012634    0.335004180
   44.105432126    0.335012736    0.334981589
   44.232537118    0.335012570    0.334944870
   44.359642109    0.335012816    0.334894033
   44.486747101    0.335012515    0.334829064
   44.613852093    0.335012879    0.334749980
   44.740957084    0.335012476    0.334656762
   44.868062076    0.335012921    0.334549431
   44.995167068    0.335012458    0.334427964
   45.122272060    0.335012939    0.334300859
   45.249377051    0.335012462    0.334173742
   45.376482043    0.334818024    0.334046636
   45.503587035    0.334492737    0.333919519
   45.630692026    0.334168302    0.333792412
