    0.000000000    0.345409001    0.346840525
    0.131772526    0.348100789    0.347941753
    0.263545051    0.350792774    0.349042979
    0.395317577    0.353484562    0.350144204
    0.527090103    0.356176544    0.351245428
    0.658862628    0.358868332    0.352346650
    0.790635154    0.359945176    0.353447872
    0.922407680    0.359945079    0.354549092
    1.054180206    0.359945163    0.355613604
    1.185952731    0.359945068    0.356580227
    1.317725257    0.359945145    0.357424491
    1.449497783    0.359945052    0.358146394
    1.581270308    0.359945121    0.358745938
    1.713042834    0.359945031    0.359223121
    1.844815360    0.359945092    0.359577943
    1.976587885    0.359945004    0.359810405
    2.108360411    0.359945056    0.359920506
    2.240132937    0.359944970    0.359944954
    2.371905463    0.359945011    0.359944927
    2.503677988    0.359944928    0.359944897
    2.635450514    0.359944957    0.359944863
    2.767223040    0.359944875    0.359944825
    2.898995565    0.359944890    0.359944782
    3.030768091    0.359944809    0.359944735
    3.162540617    0.359944807    0.359944681
    3.294313142    0.359944726    0.359944621
    3.426085668    0.359944706    0.359944554
    3.557858194    0.359944621    0.359944478
    3.689630720    0.359944579    0.359944393
    3.821403245    0.359944489    0.359944296
    3.953175771    0.359944421    0.359944187
    4.084948297    0.359944321    0.359944064
    4.216720822    0.359944222    0.359943925
    4.348493348    0.359944107    0.359943768
    4.480265874    0.359943970    0.359943589
    4.612038399    0.359943833    0.359943387
    4.743810925    0.359943649    0.359943157
    4.875583451    0.359943481    0.359942895
    5.007355977    0.359943239    0.359942598
    5.139128502    0.359943027    0.359942259
    5.270901028    0.359942713    0.359941874
    5.402673554    0.359942440    0.359941434
    5.534446079    0.359942034    0.359940933
    5.666218605    0.359941678    0.359940361
    5.797991131    0.359941156    0.359939707
    5.929763656    0.359940689    0.359938960
    6.061536182    0.359940015    0.359938106
    6.193308708    0.359939398    0.359937129
    6.325081234    0.359938530    0.359936011
    6.456853759    0.359937713    0.359934731
    6.588626285    0.359936594    0.359933265
    6.720398811    0.359935509    0.359931585
    6.852171336    0.359934060    0.359929659
    6.983943862    0.359932620    0.359927450
    7.115716388    0.359930740    0.359924917
    7.247488913    0.359928827    0.359922010
    7.379261439    0.359926384    0.359918673
    7.511033965    0.359923843    0.359914844
    7.642806491    0.359920656    0.359910457
    7.774579016    0.359917281    0.359905433
    7.906351542    0.359913115    0.359899675
    8.038124068    0.359908634    0.359893068
    8.169896593    0.359903178    0.359885483
    8.301669119    0.359897231    0.359876767
    8.433441645    0.359890067    0.359866750
    8.565214170    0.359882173    0.359855234
    8.696986696    0.359872751    0.359841991
    8.828759222    0.359862285    0.359826762
    8.960531748    0.359849961    0.359809250
    9.092304273    0.359836389    0.359789112
    9.224076799    0.359820482    0.359765959
    9.355849325    0.359802413    0.359739343
    9.487621850    0.359781217    0.359708751
    9.619394376    0.359757115    0.359673596
    9.751166902    0.359728982    0.359633213
    9.882939427    0.359696944    0.359586841
   10.014711953    0.359659689    0.359533610
   10.146484479    0.359617200    0.359472532
   10.278257005    0.359567951    0.359402481
   10.410029530    0.359511722    0.359322177
   10.541802056    0.359446727    0.359230159
   10.673574582    0.359372467    0.359124773
   10.805347107    0.359286826    0.359004150
   10.937119633    0.359188858    0.358866179
   11.068892159    0.359076125    0.358708465
   11.200664684    0.358947436    0.358528300
   11.332437210    0.358799516    0.358322620
   11.464209736    0.358630574    0.358087956
   11.595982262    0.358436914    0.357820386
   11.727754787    0.358215881    0.357515472
   11.859527313    0.357962964    0.357168193
   11.991299839    0.357674603    0.356772862
   12.123072364    0.357345270    0.356323038
   12.254844890    0.356970231    0.355811422
   12.386617416    0.356542653    0.355229738
   12.518389941    0.356056276    0.354568593
   12.650162467    0.355502590    0.353817302
   12.781934993    0.354873390    0.352963695
   12.913707519    0.354158026    0.351993904
   13.045480044    0.353345775    0.350892091
   13.177252570    0.352423177    0.349640147
   13.309025096    0.351376201    0.348217326
   13.440797621    0.350187688    0.346599827
   13.572570147    0.348839266    0.344760302
   13.704342673    0.347308923    0.342667299
   13.836115198    0.345572651    0.340284600
   13.967887724    0.343601980    0.337570461
   14.099660250    0.341364763    0.334476694
   14.231432776    0.338823484    0.330947564
   14.363205301    0.335935772    0.326918444
   14.494977827    0.332651958    0.322314158
   14.626750353    0.328915289    0.317046922
   14.758522878    0.324659448    0.311013727
   14.890295404    0.319808144    0.304093059
   15.022067930    0.314272668    0.296140682
   15.153840455    0.307950672    0.286984301
   15.285612981    0.300723476    0.276416785
   15.417385507    0.292453328    0.264187709
   15.549158033    0.282979788    0.249993439
   15.680930558    0.272114472    0.233469017
   15.812703084    0.259635669    0.214187987
   15.944475610    0.245279562    0.191679240
   16.076248135    0.228730979    0.165451953
   16.208020661    0.209607843    0.135033454
   16.339793187    0.187446651    0.100070478
   16.471565712    0.161675692    0.060458515
   16.603338238    0.131591736    0.016374060
   16.735110764    0.096319152   -0.031799663
   16.866883290    0.054776134   -0.083547807
   16.998655815    0.005642715   -0.138248955
   17.130428341   -0.052529016   -0.195179196
   17.262200867   -0.121077085   -0.253523528
   17.393973392   -0.200720031   -0.312396007
   17.525745918   -0.291713351   -0.370862466
   17.657518444   -0.393125865   -0.427961890
   17.789290969   -0.500777495   -0.482726960
   17.921063495   -0.608068078   -0.534205735
   18.052836021   -0.709424569   -0.581483877
   18.184608547   -0.801545109   -0.623701685
   18.316381072   -0.882196403   -0.660058746
   18.448153598   -0.949220991   -0.689811050
   18.579926124   -1.000615357   -0.712297061
   18.711698649   -1.034785115   -0.727019953
   18.843471175   -1.050688730   -0.733727133
   18.975243701   -1.047824924   -0.732380767
   19.107016226   -1.026210946   -0.723064544
   19.238788752   -0.986397603   -0.705999799
   19.370561278   -0.929546158   -0.681645076
   19.502333804   -0.857424672   -0.650705751
   19.634106329   -0.772247987   -0.614048064
   19.765878855   -0.676367424   -0.572628535
   19.897651381   -0.572315084   -0.527480242
   20.029423906   -0.463955708   -0.479721961
   20.161196432   -0.357457631   -0.430559355
   20.292968958   -0.259455438   -0.381277332
   20.424741483   -0.173737843   -0.333228550
   20.556514009   -0.101187549   -0.287818126
   20.688286535   -0.041867038   -0.246475785
   20.820059061    0.004629308   -0.210609522
   20.951831586    0.039208339   -0.181553991
   21.083604112    0.062760204   -0.160490101
   21.215376638    0.075957554   -0.148308327
   21.347149163    0.079149960   -0.145501667
   21.478921689    0.072378038   -0.152154136
   21.610694215    0.055376151   -0.167947866
   21.742466740    0.027559009   -0.192156887
   21.874239266   -0.011926255   -0.223713670
   22.006011792   -0.064050955   -0.261344845
   22.137784318   -0.129494586   -0.303670189
   22.269556843   -0.208333577   -0.349254774
   22.401329369   -0.300193892   -0.396660160
   22.533101895   -0.402667640   -0.444488453
   22.664874420   -0.509949701   -0.491410291
   22.796646946   -0.615239773   -0.536182575
   22.928419472   -0.713739624   -0.577658272
   23.060191997   -0.802597871   -0.614787931
   23.191964523   -0.879512096   -0.646611109
   23.323737049   -0.942179667   -0.672255694
   23.455509575   -0.988517405   -0.690985904
   23.587282100   -1.016852332   -0.702296112
   23.719054626   -1.026107108   -0.705954384
   23.850827152   -1.015892229   -0.701927014
   23.982599677   -0.986584155   -0.690312016
   24.114372203   -0.939258941   -0.671406570
   24.246144729   -0.875614043   -0.645783419
   24.377917254   -0.797788612   -0.614248278
   24.509689780   -0.708162188   -0.577746060
   24.641462306   -0.609122503   -0.537309446
   24.773234832   -0.503606505   -0.494051406
   24.905007357   -0.396499920   -0.449161890
   25.036779883   -0.294694776   -0.403890917
   25.168552409   -0.204097357   -0.359522986
   25.300324934   -0.127225835   -0.317343979
   25.432097460   -0.064575784   -0.278602669
   25.563869986   -0.016201950   -0.244495195
   25.695642511    0.018431140   -0.216157539
   25.827415037    0.040135648   -0.194642470
   25.959187563    0.049624454   -0.180879063
   26.090960089    0.047476595   -0.175580627
   26.222732614    0.034185407   -0.179131872
   26.354505140    0.010256238   -0.191510233
   26.486277666   -0.023703178   -0.212249194
   26.618050191   -0.067067273   -0.240473506
   26.749822717   -0.119055758   -0.275020745
   26.881595243   -0.178803006   -0.314572361
   27.013367768   -0.246311224   -0.357727814
   27.145140294   -0.321704921   -0.403054511
   27.276912820   -0.405034680   -0.449133683
   27.408685346   -0.495326189   -0.494586441
   27.540457871   -0.588827329   -0.538093700
   27.672230397   -0.680156454   -0.578435127
   27.804002923   -0.764597853   -0.614532024
   27.935775448   -0.839111142   -0.645459256
   28.067547974   -0.901550719   -0.670439358
   28.199320500   -0.949850967   -0.688842346
   28.331093025   -0.982221766   -0.700212508
   28.462865551   -0.997395912   -0.704302744
   28.594638077   -0.994749542   -0.701075203
   28.726410603   -0.974167239   -0.690637477
   28.858183128   -0.935994020   -0.673152788
   28.989955654   -0.881224356   -0.648857827
   29.121728180   -0.812136399   -0.618148020
   29.253500705   -0.731685422   -0.581588574
   29.385273231   -0.642559739   -0.539858402
   29.517045757   -0.547335190   -0.493700189
   29.648818282   -0.448519343   -0.443908270
   29.780590808   -0.349626531   -0.391329348
   29.912363334   -0.255458078   -0.336851374
   30.044135860   -0.170546278   -0.281382731
   30.175908385   -0.096933355   -0.225830486
   30.307680911   -0.034101236   -0.171081872
   30.439453437    0.018926014   -0.117981765
   30.571225962    0.063321719   -0.067290891
   30.702998488    0.100539611   -0.019642920
   30.834771014    0.131878937    0.024463508
   30.966543539    0.158420581    0.064655098
   31.098316065    0.181022172    0.100678923
   31.230088591    0.200377679    0.132423067
   31.361861117    0.217035484    0.159968175
   31.493633642    0.231439370    0.183610113
   31.625406168    0.243942602    0.203796849
   31.757178694    0.254835183    0.221013317
   31.888951219    0.264351132    0.235712511
   32.020723745    0.272686574    0.248300334
   32.152496271    0.280002314    0.259124509
   32.284268796    0.286435366    0.268471537
   32.416041322    0.292099649    0.276575001
   32.547813848    0.297094149    0.283625446
   32.679586374    0.301502305    0.289779057
   32.811358899    0.305397816    0.295164578
   32.943131425    0.308843104    0.299888908
   33.074903951    0.311893667    0.304041454
   33.206676476    0.314596333    0.307697555
   33.338449002    0.316992986    0.310921133
   33.470221528    0.319118928    0.313766767
   33.601994053    0.321006102    0.316281311
   33.733766579    0.322681702    0.318505197
   33.865539105    0.324170207    0.320473459
   33.997311631    0.325492145    0.322216570
   34.129084156    0.326666596    0.323761100
   34.260856682    0.327709500    0.325130267
   34.392629208    0.328635867    0.326344393
   34.524401733    0.329458116    0.327421294
   34.656174259    0.330188136    0.328376614
   34.787946785    0.330835608    0.329224121
   34.919719310    0.331409990    0.329975955
   35.051491836    0.331918850    0.330642840
   35.183264362    0.332369789    0.331234255
   35.315036888    0.332768753    0.331758593
   35.446809413    0.333121923    0.332223301
   35.578581939    0.333433875    0.332634998
   35.710354465    0.333709585    0.332999568
   35.842126990    0.333952871    0.333322245
   35.973899516    0.334167556    0.333607691
   36.105672042    0.334356511    0.333860055
   36.237444567    0.334523101    0.334083034
   36.369217093    0.334669516    0.334279929
   36.500989619    0.334798463    0.334453688
   36.632762145    0.334911605    0.334606933
   36.764534670    0.335011158    0.334742001
   36.896307196    0.335098363    0.334860971
   37.028079722    0.335175049    0.334965696
   37.159852247    0.335242115    0.335057827
   37.291624773    0.335301070    0.335138831
   37.423397299    0.335352519    0.335210012
   37.555169824    0.335397738    0.335272535
   37.686942350    0.335437085    0.335327428
   37.818714876    0.335471896    0.335375602
   37.950487402    0.335502335    0.335417863
   38.082259927    0.335529104    0.335454925
   38.214032453    0.335552419    0.335487418
   38.345804979    0.335572930    0.335515899
   38.477577504    0.335590767    0.335540858
   38.609350030    0.335606466    0.335562728
   38.741122556    0.335620141    0.335581891
   38.872895081    0.335632281    0.335598681
   39.004667607    0.335642796    0.335613395
   39.136440133    0.335652110    0.335626292
   39.268212659    0.335660163    0.335637596
   39.399985184    0.335667309    0.335647498
   39.531757710    0.335673478    0.335656172
   39.663530236    0.335678966    0.335663769
   39.795302761    0.335683698    0.335670426
   39.927075287    0.335687916    0.335676260
   40.058847813    0.335691548    0.335681374
   40.190620338    0.335694788    0.335685858
   40.322392864    0.335697579    0.335689788
   40.454165390    0.335700071    0.335693232
   40.585937916    0.335702221    0.335696251
   40.717710441    0.335704139    0.335698897
   40.849482967    0.335705798    0.335701219
   40.981255493    0.335707273    0.335703255
   41.113028018    0.335708557    0.335705041
   41.244800544    0.335709690    0.335706609
   41.376573070    0.335710688    0.335707986
   41.508345595    0.335711558    0.335709195
   41.640118121    0.335712338    0.335710257
   41.771890647    0.335713003    0.335711190
   41.903663173    0.335713617    0.335712011
   42.035435698    0.335714122    0.335712733
   42.167208224    0.335714611    0.335713368
   42.298980750    0.335714992    0.335713927
   42.430753275    0.335715385    0.335714420
   42.562525801    0.335715668    0.335714854
   42.694298327    0.335715988    0.335715236
   42.826070852    0.335716195    0.335715574
   42.957843378    0.335716461    0.335715872
   43.089615904    0.335716608    0.335716135
   43.221388430    0.335716832    0.335716367
   43.353160955    0.335716931    0.335716573
   43.484933481    0.335717125    0.335716754
   43.616706007    0.335717184    0.335716915
   43.748478532    0.335717355    0.335717058
   43.880251058    0.335717384    0.335717184
   44.012023584    0.335717539    0.335717297
   44.143796109    0.335717542    0.335717396
   44.275568635    0.335717685    0.335717484
   44.407341161    0.335717667    0.335717563
   44.539113687    0.335717801    0.335717633
   44.670886212    0.335717766    0.335717695
   44.802658738    0.335717894    0.335717751
   44.934431264    0.335717846    0.335717800
   45.066203789    0.335717969    0.335717844
   45.197976315    0.335717909    0.335717883
   45.329748841    0.335718029    0.335717918
   45.461521366    0.335717959    0.335717949
   45.593293892    0.335718076    0.335754684
   45.725066418    0.335717999    0.335889303
   45.856838944    0.335718115    0.336146277
   45.988611469    0.335718031    0.336525608
   46.120383995    0.335718145    0.337027295
   46.252156521    0.335718056    0.337651338
   46.383929046    0.335718168    0.338397738
   46.515701572    0.335718075    0.339266495
   46.647474098    0.335718185    0.340257608
   46.779246623    0.335718089    0.341334371
   46.911019149    0.335718197    0.342435605
   47.042791675    0.337333232    0.343536837
   47.174564201    0.340025224    0.344638067
   47.306336726    0.342717012    0.345739297
