    0.000000000    0.493627886    0.493829549
    0.127517361    0.493995897    0.493973843
    0.255034723    0.494365545    0.494118146
    0.382552084    0.494733305    0.494262438
    0.510069446    0.495103160    0.494406740
    0.637586807    0.495470756    0.494551029
    0.765104169    0.495619465    0.494695331
    0.892621530    0.495618236    0.494839618
    1.020138891    0.495619446    0.494983919
    1.147656253    0.495618262    0.495118584
    1.275173614    0.495619372    0.495237230
    1.402690976    0.495618335    0.495339828
    1.530208337    0.495619247    0.495426405
    1.657725699    0.495618449    0.495496937
    1.785243060    0.495619080    0.495551444
    1.912760421    0.495618592    0.495589909
    2.040277783    0.495618885    0.495612348
    2.167795144    0.495618750    0.495618747
    2.295312506    0.495618675    0.495618735
    2.422829867    0.495618908    0.495618721
    2.550347229    0.495618467    0.495618705
    2.677864590    0.495619050    0.495618692
    2.805381951    0.495618277    0.495618673
    2.932899313    0.495619160    0.495618659
    3.060416674    0.495618119    0.495618636
    3.187934036    0.495619226    0.495618623
    3.315451397    0.495618002    0.495618596
    3.442968758    0.495619238    0.495618582
    3.570486120    0.495617936    0.495618552
    3.698003481    0.495619191    0.495618536
    3.825520843    0.495617921    0.495618504
    3.953038204    0.495619084    0.495618486
    4.080555566    0.495617956    0.495618451
    4.208072927    0.495618921    0.495618429
    4.335590288    0.495618034    0.495618392
    4.463107650    0.495618710    0.495618366
    4.590625011    0.495618143    0.495618326
    4.718142373    0.495618464    0.495618294
    4.845659734    0.495618268    0.495618252
    4.973177096    0.495618196    0.495618213
    5.100694457    0.495618391    0.495618167
    5.228211818    0.495617923    0.495618119
    5.355729180    0.495618494    0.495618068
    5.483246541    0.495617658    0.495618010
    5.610763903    0.495618558    0.495617952
    5.738281264    0.495617415    0.495617880
    5.865798626    0.495618565    0.495617811
    5.993315987    0.495617203    0.495617722
    6.120833348    0.495618499    0.495617638
    6.248350710    0.495617025    0.495617527
    6.375868071    0.495618346    0.495617420
    6.503385433    0.495616877    0.495617280
    6.630902794    0.495618097    0.495617141
    6.758420156    0.495616748    0.495616962
    6.885937517    0.495617741    0.495616778
    7.013454878    0.495616616    0.495616546
    7.140972240    0.495617268    0.495616298
    7.268489601    0.495616449    0.495615992
    7.396006963    0.495616666    0.495615654
    7.523524324    0.495616200    0.495615245
    7.651041686    0.495615915    0.495614787
    7.778559047    0.495615810    0.495614263
    7.906076408    0.495614981    0.495613667
    8.033593770    0.495615197    0.495612971
    8.161111131    0.495613810    0.495612157
    8.288628493    0.495614257    0.495611197
    8.416145854    0.495612319    0.495610055
    8.543663216    0.495612850    0.495608706
    8.671180577    0.495610377    0.495607087
    8.798697938    0.495610788    0.495605170
    8.926215300    0.495607788    0.495602866
    9.053732661    0.495607976    0.495600134
    9.181250023    0.495604970    0.495596850
    9.308767384    0.495604637    0.495592953
    9.436284745    0.495600879    0.495588277
    9.563802107    0.495599357    0.495582715
    9.691319468    0.495594686    0.495576053
    9.818836830    0.495591472    0.495568140
    9.946354191    0.495585574    0.495558677
   10.073871553    0.495580034    0.495547423
   10.201388914    0.495572364    0.495533992
   10.328906275    0.495563664    0.495518019
   10.456423637    0.495553364    0.495498982
   10.583940998    0.495540393    0.495476337
   10.711458360    0.495526185    0.495449366
   10.838975721    0.495507418    0.495417299
   10.966493083    0.495487282    0.495379179
   11.094010444    0.495460582    0.495333908
   11.221527805    0.495432250    0.495280179
   11.349045167    0.495394672    0.495216446
   11.476562528    0.495354026    0.495140920
   11.604079890    0.495301466    0.495051449
   11.731597251    0.495243389    0.494945585
   11.859114613    0.495169944    0.494820373
   11.986631974    0.495087151    0.494672425
   12.114149335    0.494984628    0.494497664
   12.241666697    0.494867097    0.494291439
   12.369184058    0.494724117    0.494048156
   12.496701420    0.494558115    0.493761431
   12.624218781    0.494358920    0.493423594
   12.751736143    0.494125626    0.493025845
   12.879253504    0.493848475    0.492557686
   13.006770865    0.493522192    0.492006986
   13.134288227    0.493137509    0.491359304
   13.261805588    0.492683767    0.490597865
   13.389322950    0.492150566    0.489702733
   13.516840311    0.491520883    0.488650604
   13.644357673    0.490783015    0.487413783
   13.771875034    0.489911925    0.485959693
   13.899392395    0.488892592    0.484249570
   14.026909757    0.487690338    0.482237495
   14.154427118    0.486284027    0.479868752
   14.281944480    0.484627001    0.477078248
   14.409461841    0.482687931    0.473788401
   14.536979203    0.480404779    0.469906838
   14.664496564    0.477730288    0.465323718
   14.792013925    0.474581924    0.459908463
   14.919531287    0.470888175    0.453506198
   15.047048648    0.466537749    0.445932742
   15.174566010    0.461423026    0.436969198
   15.302083371    0.455391296    0.426354025
   15.429600732    0.448280381    0.413774356
   15.557118094    0.439877827    0.398855431
   15.684635455    0.429944031    0.381163374
   15.812152817    0.418182005    0.360222701
   15.939670178    0.404246231    0.335548790
   16.067187540    0.387725751    0.306689303
   16.194704901    0.368132911    0.273270875
   16.322222262    0.344898479    0.235024704
   16.449739624    0.317331379    0.191871301
   16.577256985    0.284621501    0.143921216
   16.704774347    0.245762944    0.091382296
   16.832291708    0.199560220    0.034593729
   16.959809070    0.144555063   -0.025924302
   17.087326431    0.079366708   -0.089461672
   17.214843792    0.002991517   -0.155148413
   17.342361154   -0.084812022   -0.221999001
   17.469878515   -0.183363409   -0.288955713
   17.597395877   -0.290893558   -0.354922654
   17.724913238   -0.405080018   -0.418798188
   17.852430600   -0.521640092   -0.479502724
   17.979947961   -0.636314199   -0.536010368
   18.107465322   -0.746972130   -0.587384873
   18.234982684   -0.850745763   -0.632814863
   18.362500045   -0.943634328   -0.671621789
   18.490017407   -1.021481685   -0.703232503
   18.617534768   -1.080851003   -0.727137379
   18.745052130   -1.119381519   -0.742971311
   18.872569491   -1.135758157   -0.750618162
   19.000086852   -1.129513876   -0.750174219
   19.127604214   -1.101004374   -0.741954342
   19.255121575   -1.051305850   -0.726483846
   19.382638937   -0.982344437   -0.704537198
   19.510156298   -0.896992123   -0.677106806
   19.637673660   -0.799126818   -0.645287313
   19.765191021   -0.692999073   -0.610288716
   19.892708382   -0.582491370   -0.573463990
   20.020225744   -0.470445426   -0.536288354
   20.147743105   -0.361188917   -0.500285498
   20.275260467   -0.260689613   -0.466943838
   20.402777828   -0.173152703   -0.437642052
   20.530295190   -0.101836387   -0.413530401
   20.657812551   -0.049258613   -0.395535868
   20.785329912   -0.016867193   -0.384418668
   20.912847274   -0.005415192   -0.380696333
   21.040364635   -0.015123778   -0.384574193
   21.167881997   -0.045778032   -0.395909457
   21.295399358   -0.096665625   -0.414236684
   21.422916720   -0.166442074   -0.438830454
   21.550434081   -0.252785317   -0.468792418
   21.677951442   -0.352523334   -0.503019679
   21.805468804   -0.461817081   -0.540166654
   21.932986165   -0.574945898   -0.578755430
   22.060503527   -0.687130113   -0.617258604
   22.188020888   -0.795610257   -0.654180172
   22.315538249   -0.896730715   -0.688143280
   22.443055611   -0.986182905   -0.717931177
   22.570572972   -1.059837893   -0.742480820
   22.698090334   -1.114525307   -0.760866004
   22.825607695   -1.148148077   -0.772404648
   22.953125057   -1.159570589   -0.776730177
   23.080642418   -1.148415918   -0.773749445
   23.208159779   -1.115070041   -0.763653978
   23.335677141   -1.060694555   -0.746909480
   23.463194502   -0.987409388   -0.724299153
   23.590711864   -0.898454676   -0.696848261
   23.718229225   -0.798018670   -0.665701299
   23.845746587   -0.690536838   -0.632123440
   23.973263948   -0.579765560   -0.597496440
   24.100781309   -0.468637271   -0.563266803
   24.228298671   -0.362054419   -0.530871099
   24.355816032   -0.265929256   -0.501650536
   24.483333394   -0.184228478   -0.476730716
   24.610850755   -0.120327582   -0.457055233
   24.738368117   -0.076693639   -0.443415859
   24.865885478   -0.054908364   -0.436379470
   24.993402839   -0.055759600   -0.436232229
   25.120920201   -0.079230142   -0.442949169
   25.248437562   -0.124439954   -0.456194361
   25.375954924   -0.189761901   -0.475351617
   25.503472285   -0.272556255   -0.499589798
   25.630989647   -0.369424097   -0.527934169
   25.758507008   -0.476075139   -0.559218674
   25.886024369   -0.586414726   -0.592082974
   26.013541731   -0.695879815   -0.625102073
   26.141059092   -0.801364429   -0.656858726
   26.268576454   -0.898857607   -0.686010670
   26.396093815   -0.984022840   -0.711320473
   26.523611177   -1.052944311   -0.731636075
   26.651128538   -1.102658090   -0.745892341
   26.778645899   -1.131153728   -0.753241361
   26.906163261   -1.137243701   -0.753092325
   27.033680622   -1.120557811   -0.745071553
   27.161197984   -1.081598036   -0.729030332
   27.288715345   -1.021808150   -0.705037552
   27.416232707   -0.943667753   -0.673416933
   27.543750068   -0.850730619   -0.634648195
   27.671267429   -0.747188331   -0.589286130
   27.798784791   -0.637033851   -0.537997278
   27.926302152   -0.523018437   -0.481584180
   28.053819514   -0.407124268   -0.420976483
   28.181336875   -0.293467419   -0.357196982
   28.308854236   -0.186334057   -0.291326427
   28.436371598   -0.088078500   -0.224472020
   28.563888959   -0.000476016   -0.157736399
   28.691406321    0.075758797   -0.092182147
   28.818923682    0.140859503   -0.028794487
   28.946441044    0.195801173    0.031562365
   29.073958405    0.241963058    0.088188814
   29.201475766    0.280785996    0.140576948
   29.328993128    0.313478410    0.188399322
   29.456510489    0.341032719    0.231454831
   29.584027851    0.364270433    0.269633209
   29.711545212    0.383869049    0.303007929
   29.839062574    0.400407647    0.331842019
   29.966579935    0.414361479    0.356504309
   30.094097296    0.426149762    0.377443063
   30.221614658    0.436108035    0.395140074
   30.349132019    0.444539823    0.410068615
   30.476649381    0.451677727    0.422661290
   30.604166742    0.457738734    0.433291987
   30.731684104    0.462880764    0.442273111
   30.859201465    0.467258259    0.449865540
   30.986718826    0.470978424    0.456287740
   31.114236188    0.474151139    0.461723314
   31.241753549    0.476850011    0.466326828
   31.369270911    0.479154170    0.470228418
   31.496788272    0.481115344    0.473537747
   31.624305634    0.482790036    0.476346935
   31.751822995    0.484215953    0.478733503
   31.879340356    0.485432704    0.480762392
   32.006857718    0.486469077    0.482488329
   32.134375079    0.487351864    0.483957147
   32.261892441    0.488104272    0.485207661
   32.389409802    0.488743312    0.486272430
   32.516927164    0.489288647    0.487179191
   32.644444525    0.489749864    0.487951272
   32.771961886    0.490144225    0.488608666
   32.899479248    0.490476041    0.489168191
   33.026996609    0.490761085    0.489644340
   33.154513971    0.490999086    0.490049305
   33.282031332    0.491204287    0.490393624
   33.409548694    0.491374265    0.490686173
   33.537066055    0.491521558    0.490934648
   33.664583416    0.491642580    0.491145517
   33.792100778    0.491747945    0.491324389
   33.919618139    0.491833931    0.491475998
   34.047135501    0.491908991    0.491604428
   34.174652862    0.491970074    0.491713144
   34.302170223    0.492023262    0.491805112
   34.429687585    0.492066764    0.491882866
   34.557204946    0.492104229    0.491948527
   34.684722308    0.492135293    0.492003967
   34.812239669    0.492161327    0.492050710
   34.939757031    0.492183994    0.492090132
   35.067274392    0.492201869    0.492123314
   35.194791753    0.492218328    0.492151270
   35.322309115    0.492230315    0.492174756
   35.449826476    0.492242522    0.492194528
   35.577343838    0.492250334    0.492211130
   35.704861199    0.492259493    0.492225108
   35.832378561    0.492264384    0.492236832
   35.959895922    0.492271297    0.492246699
   36.087413283    0.492274195    0.492254964
   36.214930645    0.492279379    0.492261922
   36.342448006    0.492280975    0.492267748
   36.469965368    0.492284749    0.492272641
   36.597482729    0.492285555    0.492276735
   36.725000091    0.492288116    0.492280175
   36.852517452    0.492288688    0.492283055
   36.980034813    0.492290850    0.492285471
   37.107552175    0.492291570    0.492287500
   37.235069536    0.492292901    0.492289198
   37.362586898    0.492293719    0.492290631
   37.490104259    0.492294324    0.492291829
   37.617621621    0.492295329    0.492292852
   37.745138982    0.492295318    0.492293706
   37.872656343    0.492296538    0.492294448
   38.000173705    0.492296030    0.492295071
   38.127691066    0.492297436    0.492295629
   38.255208428    0.492296562    0.492296106
   38.382725789    0.492298091    0.492296542
   38.510243151    0.492296989    0.492296899
   38.637760512    0.492298550    0.492297223
   38.765277873    0.492297360    0.492297487
   38.892795235    0.492298849    0.492297731
   39.020312596    0.492297707    0.492297930
   39.147829958    0.492299021    0.492298115
   39.275347319    0.492298046    0.492298268
   39.402864681    0.492299093    0.492298411
   39.530382042    0.492298384    0.492298531
   39.657899403    0.492299091    0.492298641
   39.785416765    0.492298718    0.492298739
   39.912934126    0.492299040    0.492298826
   40.040451488    0.492299040    0.492298907
   40.167968849    0.492298964    0.492298976
   40.295486210    0.492299339    0.492299046
   40.423003572    0.492298885    0.492299101
   40.550520933    0.492299604    0.492299162
   40.678038295    0.492298822    0.492299207
   40.805555656    0.492299822    0.492299262
   40.933073018    0.492298791    0.492299299
   41.060590379    0.492299986    0.492299348
   41.188107740    0.492298801    0.492299379
   41.315625102    0.492300089    0.492299424
   41.443142463    0.492298861    0.492299452
   41.570659825    0.492300130    0.492299492
   41.698177186    0.492298969    0.492299516
   41.825694548    0.492300114    0.492299553
   41.953211909    0.492299122    0.492299576
   42.080729270    0.492300046    0.492299607
   42.208246632    0.492299313    0.492299629
   42.335763993    0.492299938    0.492299657
   42.463281355    0.492299527    0.492299679
   42.590798716    0.492299806    0.492299702
   42.718316078    0.492299752    0.492299724
   42.845833439    0.492299663    0.492299743
   42.973350800    0.492299972    0.492299765
   43.100868162    0.492299527    0.492299780
   43.228385523    0.492300170    0.492299802
   43.355902885    0.492299412    0.492299813
   43.483420246    0.492300333    0.492299835
   43.610937608    0.492299332    0.492299844
   43.738454969    0.492300451    0.492299865
   43.865972330    0.492299296    0.492299871
   43.993489692    0.492300515    0.492299892
   44.121007053    0.492299308    0.492309516
   44.248524415    0.492300522    0.492335187
   44.376041776    0.492299371    0.492376877
   44.503559138    0.492300475    0.492434612
   44.631076499    0.492299480    0.492508367
   44.758593860    0.492300378    0.492598166
   44.886111222    0.492299628    0.492703988
   45.013628583    0.492300242    0.492825850
   45.141145945    0.492299803    0.492963738
   45.268663306    0.492300080    0.493108043
   45.396180668    0.492299990    0.493252345
   45.523698029    0.492521165    0.493396646
   45.651215390    0.492890195    0.493540948
   45.778732752    0.493258521    0.493685246
