    0.000000000    0.395981284    0.395936330
    0.128291572    0.395899195    0.395904269
    0.256583143    0.395817466    0.395872207
    0.384874715    0.395735276    0.395840146
    0.513166287    0.395653641    0.395808083
    0.641457858    0.395571364    0.395776022
    0.769749430    0.395538965    0.395743958
    0.898041002    0.395538559    0.395711897
    1.026332573    0.395538985    0.395679833
    1.154624145    0.395538541    0.395649909
    1.282915717    0.395538990    0.395623544
    1.411207288    0.395538537    0.395600744
    1.539498860    0.395538980    0.395581504
    1.667790432    0.395538547    0.395565829
    1.796082003    0.395538954    0.395553713
    1.924373575    0.395538571    0.395545162
    2.052665147    0.395538914    0.395540170
    2.180956718    0.395538605    0.395538743
    2.309248290    0.395538863    0.395538739
    2.437539862    0.395538649    0.395538736
    2.565831433    0.395538802    0.395538732
    2.694123005    0.395538699    0.395538728
    2.822414577    0.395538735    0.395538724
    2.950706148    0.395538750    0.395538719
    3.078997720    0.395538666    0.395538715
    3.207289292    0.395538800    0.395538708
    3.335580863    0.395538599    0.395538704
    3.463872435    0.395538844    0.395538696
    3.592164007    0.395538536    0.395538691
    3.720455578    0.395538878    0.395538682
    3.848747150    0.395538483    0.395538677
    3.977038722    0.395538899    0.395538666
    4.105330293    0.395538440    0.395538660
    4.233621865    0.395538904    0.395538648
    4.361913437    0.395538410    0.395538639
    4.490205008    0.395538891    0.395538626
    4.618496580    0.395538394    0.395538614
    4.746788152    0.395538859    0.395538599
    4.875079723    0.395538389    0.395538584
    5.003371295    0.395538808    0.395538565
    5.131662867    0.395538396    0.395538546
    5.259954438    0.395538736    0.395538524
    5.388246010    0.395538409    0.395538499
    5.516537582    0.395538646    0.395538471
    5.644829153    0.395538425    0.395538437
    5.773120725    0.395538537    0.395538401
    5.901412297    0.395538437    0.395538357
    6.029703868    0.395538411    0.395538310
    6.157995440    0.395538437    0.395538251
    6.286287012    0.395538266    0.395538188
    6.414578583    0.395538414    0.395538109
    6.542870155    0.395538099    0.395538023
    6.671161727    0.395538356    0.395537917
    6.799453298    0.395537907    0.395537799
    6.927744870    0.395538249    0.395537655
    7.056036442    0.395537679    0.395537491
    7.184328013    0.395538072    0.395537294
    7.312619585    0.395537400    0.395537067
    7.440911157    0.395537800    0.395536795
    7.569202728    0.395537046    0.395536479
    7.697494300    0.395537401    0.395536116
    7.825785872    0.395536581    0.395535708
    7.954077443    0.395536829    0.395535229
    8.082369015    0.395535953    0.395534671
    8.210660587    0.395536023    0.395534007
    8.338952159    0.395535087    0.395533221
    8.467243730    0.395534895    0.395532281
    8.595535302    0.395533878    0.395531158
    8.723826874    0.395533323    0.395529815
    8.852118445    0.395532175    0.395528204
    8.980410017    0.395531156    0.395526279
    9.108701589    0.395530086    0.395523970
    9.236993160    0.395528869    0.395521215
    9.365284732    0.395527393    0.395517911
    9.493576304    0.395525266    0.395513968
    9.621867875    0.395523102    0.395509241
    9.750159447    0.395519814    0.395503611
    9.878451019    0.395516643    0.395496880
   10.006742590    0.395511836    0.395488858
   10.135034162    0.395507185    0.395479278
   10.263325734    0.395500347    0.395467867
   10.391617305    0.395493541    0.395454251
   10.519908877    0.395483940    0.395438037
   10.648200449    0.395474019    0.395418697
   10.776492020    0.395460602    0.395395659
   10.904783592    0.395446136    0.395368220
   11.033075164    0.395427230    0.395335571
   11.161366735    0.395406532    0.395296734
   11.289658307    0.395380274    0.395250567
   11.417949879    0.395350393    0.395195718
   11.546241450    0.395313536    0.395130587
   11.674533022    0.395270859    0.395053300
   11.802824594    0.395219022    0.394961631
   11.931116165    0.395158227    0.394853003
   12.059407737    0.395085263    0.394724322
   12.187699309    0.394998999    0.394572000
   12.315990880    0.394896295    0.394391761
   12.444282452    0.394774326    0.394178655
   12.572574024    0.394629854    0.393926778
   12.700865595    0.394457989    0.393629268
   12.829157167    0.394255111    0.393277965
   12.957448739    0.394013812    0.392863374
   13.085740310    0.393729582    0.392374201
   13.214031882    0.393391967    0.391797262
   13.342323454    0.392995102    0.391116883
   13.470615025    0.392524262    0.390314671
   13.598906597    0.391970618    0.389368738
   13.727198169    0.391315117    0.388253258
   13.855489740    0.390544685    0.386937454
   13.983781312    0.389634076    0.385384821
   14.112072884    0.388563789    0.383551688
   14.240364455    0.387300299    0.381385901
   14.368656027    0.385814797    0.378824840
   14.496947599    0.384062567    0.375793319
   14.625239170    0.382001266    0.372200903
   14.753530742    0.379570309    0.367938826
   14.881822314    0.376707350    0.362876328
   15.010113885    0.373328803    0.356856076
   15.138405457    0.369342952    0.349688773
   15.266697029    0.364632817    0.341146503
   15.394988600    0.359063768    0.330959663
   15.523280172    0.352467781    0.318818510
   15.651571744    0.344644883    0.304384199
   15.779863315    0.335350716    0.287307768
   15.908154887    0.324288820    0.267268682
   16.036446459    0.311104018    0.243997115
   16.164738030    0.295364193    0.217288275
   16.293029602    0.276557667    0.187013520
   16.421321174    0.254058451    0.153152519
   16.549612745    0.227122645    0.115800392
   16.677904317    0.194842908    0.075133899
   16.806195889    0.156247370    0.031431313
   16.934487460    0.110387564   -0.014910618
   17.062779032    0.056574637   -0.063369878
   17.191070604   -0.005457624   -0.113318498
   17.319362175   -0.075084179   -0.164059245
   17.447653747   -0.151183469   -0.214854401
   17.575945319   -0.232302057   -0.264940998
   17.704236890   -0.316749056   -0.313543776
   17.832528462   -0.402095679   -0.359886085
   17.960820034   -0.485770104   -0.403204000
   18.089111605   -0.565986398   -0.442773147
   18.217403177   -0.640526656   -0.477937327
   18.345694749   -0.706800655   -0.508119228
   18.473986320   -0.762095200   -0.532822263
   18.602277892   -0.804173378   -0.551627103
   18.730569464   -0.831686464   -0.564219129
   18.858861035   -0.843999760   -0.570464131
   18.987152607   -0.840887708   -0.570403004
   19.115444179   -0.822499709   -0.564249098
   19.243735750   -0.789315443   -0.552388064
   19.372027322   -0.742253590   -0.535399031
   19.500318894   -0.682967738   -0.514030912
   19.628610465   -0.613933230   -0.489134168
   19.756902037   -0.537936357   -0.461657407
   19.885193609   -0.457782227   -0.432639244
   20.013485180   -0.375936685   -0.403186572
   20.141776752   -0.295074217   -0.374417370
   20.270068324   -0.218719231   -0.347410896
   20.398359895   -0.149777552   -0.323165522
   20.526651467   -0.090762215   -0.302572926
   20.654943039   -0.043945274   -0.286370303
   20.783234610   -0.011347912   -0.275148141
   20.911526182    0.005696629   -0.269359505
   21.039817754    0.006638701   -0.269270244
   21.168109325   -0.008561148   -0.274918063
   21.296400897   -0.039382910   -0.286101653
   21.424692469   -0.084683736   -0.302410628
   21.552984040   -0.142481741   -0.323277614
   21.681275612   -0.210537552   -0.347996194
   21.809567184   -0.286356148   -0.375698890
   21.937858755   -0.367258015   -0.405400546
   22.066150327   -0.449839372   -0.436030111
   22.194441899   -0.531205715   -0.466468011
   22.322733470   -0.609114971   -0.495594108
   22.451025042   -0.680914732   -0.522348847
   22.579316614   -0.743833060   -0.545770153
   22.707608185   -0.795158943   -0.565011340
   22.835899757   -0.832888635   -0.579347585
   22.964191329   -0.855877379   -0.588232064
   23.092482900   -0.863601540   -0.591354171
   23.220774472   -0.855881241   -0.588619808
   23.349066044   -0.832915659   -0.580154000
   23.477357615   -0.795242206   -0.566298545
   23.605649187   -0.744016970   -0.547631639
   23.733940759   -0.681248150   -0.524908477
   23.862232330   -0.609662366   -0.499002674
   23.990523902   -0.532051332   -0.470895564
   24.118815474   -0.451108447   -0.441653423
   24.247107046   -0.369116557   -0.412384575
   24.375398617   -0.289026740   -0.384184558
   24.503690189   -0.214290214   -0.358089019
   24.631981761   -0.147647184   -0.335037581
   24.760273332   -0.091642585   -0.315827646
   24.888564904   -0.048582540   -0.301109835
   25.016856476   -0.020500544   -0.291417307
   25.145148047   -0.008572987   -0.287119094
   25.273439619   -0.013281493   -0.288373768
   25.401731191   -0.034451214   -0.295100831
   25.530022762   -0.071263817   -0.307002083
   25.658314334   -0.121975432   -0.323601248
   25.786605906   -0.184288234   -0.344290531
   25.914897477   -0.255679979   -0.368316649
   26.043189049   -0.333418468   -0.394776831
   26.171480621   -0.414052732   -0.422665595
   26.299772192   -0.494406004   -0.450905733
   26.428063764   -0.572314080   -0.478391558
   26.556355336   -0.645158058   -0.504036912
   26.684646907   -0.710105665   -0.526819998
   26.812938479   -0.764384798   -0.545807227
   26.941230051   -0.805780134   -0.560165814
   27.069521622   -0.832889248   -0.569199581
   27.197813194   -0.844970053   -0.572405016
   27.326104766   -0.841627459   -0.569461500
   27.454396337   -0.822874404   -0.560225470
   27.582687909   -0.789088758   -0.544723915
   27.710979481   -0.741165748   -0.523174253
   27.839271052   -0.680756521   -0.495942780
   27.967562624   -0.610343689   -0.463468553
   28.095854196   -0.532583959   -0.426269994
   28.224145767   -0.449987777   -0.384947126
   28.352437339   -0.364698703   -0.340179443
   28.480728911   -0.279040452   -0.292705936
   28.609020482   -0.195700437   -0.243296558
   28.737312054   -0.116587363   -0.192728227
   28.865603626   -0.043251310   -0.141774408
   28.993895197    0.023117295   -0.091190465
   29.122186769    0.081589506   -0.041701155
   29.250478341    0.131917880    0.006019771
   29.378769912    0.174593134    0.051379948
   29.507061484    0.210408801    0.093903206
   29.635353056    0.240320304    0.133235367
   29.763644627    0.265271905    0.169137095
   29.891936199    0.286110537    0.201466659
   30.020227771    0.303526429    0.230187369
   30.148519342    0.318101577    0.255382419
   30.276810914    0.330310360    0.277220836
   30.405102486    0.340556300    0.295941154
   30.533394057    0.349165367    0.311835703
   30.661685629    0.356415541    0.325238687
   30.789977201    0.362527559    0.336496548
   30.918268772    0.367691251    0.345935445
   31.046560344    0.372055736    0.353848109
   31.174851916    0.375751968    0.360486487
   31.303143487    0.378881272    0.366062238
   31.431435059    0.381535868    0.370750755
   31.559726631    0.383785715    0.374697966
   31.688018202    0.385696240    0.378024931
   31.816309774    0.387315993    0.380832448
   31.944601346    0.388691925    0.383204098
   32.072892917    0.389858145    0.385209533
   32.201184489    0.390848675    0.386906586
   32.329476061    0.391687777    0.388343639
   32.457767632    0.392400072    0.389561046
   32.586059204    0.393002988    0.390592750
   32.714350776    0.393514173    0.391467201
   32.842642347    0.393946441    0.392208455
   32.970933919    0.394312265    0.392836740
   33.099225491    0.394621773    0.393369215
   33.227517062    0.394883260    0.393820359
   33.355808634    0.395104259    0.394202488
   33.484100206    0.395290370    0.394526026
   33.612391777    0.395447761    0.394799841
   33.740683349    0.395579764    0.395031464
   33.868974921    0.395691619    0.395227298
   33.997266492    0.395784940    0.395392781
   34.125558064    0.395864331    0.395532530
   34.253849636    0.395930113    0.395650489
   34.382141207    0.395986414    0.395749990
   34.510432779    0.396032646    0.395833890
   34.638724351    0.396072549    0.395904569
   34.767015922    0.396104972    0.395964087
   34.895307494    0.396133301    0.396014163
   35.023599066    0.396155880    0.396056286
   35.151890637    0.396175999    0.396091683
   35.280182209    0.396191973    0.396121428
   35.408473781    0.396206167    0.396146393
   35.536765352    0.396217228    0.396167348
   35.665056924    0.396227233    0.396184909
   35.793348496    0.396234963    0.396199645
   35.921640067    0.396241960    0.396211995
   36.049931639    0.396247376    0.396222353
   36.178223211    0.396252188    0.396231029
   36.306514782    0.396255996    0.396238301
   36.434806354    0.396259203    0.396244386
   36.563097926    0.396261890    0.396249487
   36.691389497    0.396263908    0.396253751
   36.819681069    0.396265798    0.396257313
   36.947972641    0.396266925    0.396260291
   37.076264212    0.396268232    0.396262778
   37.204555784    0.396269034    0.396264857
   37.332847356    0.396270456    0.396266590
   37.461138927    0.396270897    0.396268040
   37.589430499    0.396272093    0.396269247
   37.717722071    0.396272231    0.396270260
   37.846013642    0.396273256    0.396271103
   37.974305214    0.396273194    0.396271816
   38.102596786    0.396274077    0.396272412
   38.230888357    0.396273899    0.396272923
   38.359179929    0.396274651    0.396273357
   38.487471501    0.396274425    0.396273738
   38.615763072    0.396275048    0.396274072
   38.744054644    0.396274826    0.396274362
   38.872346216    0.396275316    0.396274604
   39.000637787    0.396275139    0.396274814
   39.128929359    0.396275490    0.396274988
   39.257220931    0.396275390    0.396275141
   39.385512502    0.396275600    0.396275268
   39.513804074    0.396275594    0.396275379
   39.642095646    0.396275664    0.396275472
   39.770387217    0.396275763    0.396275554
   39.898678789    0.396275699    0.396275623
   40.026970361    0.396275902    0.396275683
   40.155261932    0.396275717    0.396275735
   40.283553504    0.396276015    0.396275780
   40.411845076    0.396275728    0.396275820
   40.540136648    0.396276105    0.396275854
   40.668428219    0.396275738    0.396275885
   40.796719791    0.396276173    0.396275910
   40.925011363    0.396275753    0.396275936
   41.053302934    0.396276219    0.396275955
   41.181594506    0.396275777    0.396275976
   41.309886078    0.396276244    0.396275991
   41.438177649    0.396275810    0.396276008
   41.566469221    0.396276251    0.396276020
   41.694760793    0.396275853    0.396276034
   41.823052364    0.396276242    0.396276044
   41.951343936    0.396275906    0.396276056
   42.079635508    0.396276218    0.396276064
   42.207927079    0.396275968    0.396276074
   42.336218651    0.396276184    0.396276081
   42.464510223    0.396276034    0.396276090
   42.592801794    0.396276142    0.396276097
   42.721093366    0.396276103    0.396276104
   42.849384938    0.396276097    0.396276110
   42.977676509    0.396276171    0.396276116
   43.105968081    0.396276052    0.396276122
   43.234259653    0.396276234    0.396276126
   43.362551224    0.396276011    0.396276132
   43.490842796    0.396276290    0.396276136
   43.619134368    0.396275978    0.396276141
   43.747425939    0.396276335    0.396276144
   43.875717511    0.396275954    0.396276149
   44.004009083    0.396276367    0.396276151
   44.132300654    0.396275943    0.396276157
   44.260592226    0.396276384    0.396276158
   44.388883798    0.396275945    0.396274025
   44.517175369    0.396276386    0.396268326
   44.645466941    0.396275961    0.396259069
   44.773758513    0.396276373    0.396246245
   44.902050084    0.396275990    0.396229861
   45.030341656    0.396276347    0.396209912
   45.158633228    0.396276030    0.396186404
   45.286924799    0.396276308    0.396159330
   45.415216371    0.396276079    0.396128696
   45.543507943    0.396276261    0.396096635
   45.671799514    0.396276135    0.396064575
   45.800091086    0.396227046    0.396032514
   45.928382658    0.396145097    0.396000453
   46.056674229    0.396063120    0.395968392
