    0.000000000    0.454792295    0.455036159
    0.127549482    0.455237574    0.455210159
    0.255098963    0.455681536    0.455384149
    0.382648445    0.456126938    0.455558148
    0.510197926    0.456570804    0.455732136
    0.637747408    0.457016265    0.455906133
    0.765296889    0.457193311    0.456080120
    0.892846371    0.457194103    0.456254115
    1.020395852    0.457193331    0.456428099
    1.147945334    0.457194040    0.456590493
    1.275494815    0.457193380    0.456733543
    1.403044297    0.457193943    0.456857268
    1.530593778    0.457193453    0.456961652
    1.658143260    0.457193819    0.457046708
    1.785692741    0.457193542    0.457112426
    1.913242223    0.457193677    0.457158813
    2.040791704    0.457193636    0.457185864
    2.168341186    0.457193526    0.457193582
    2.295890667    0.457193726    0.457193567
    2.423440149    0.457193377    0.457193548
    2.550989630    0.457193800    0.457193532
    2.678539112    0.457193241    0.457193510
    2.806088593    0.457193850    0.457193493
    2.933638075    0.457193125    0.457193467
    3.061187556    0.457193866    0.457193449
    3.188737038    0.457193037    0.457193420
    3.316286519    0.457193844    0.457193400
    3.443836001    0.457192980    0.457193368
    3.571385483    0.457193780    0.457193345
    3.698934964    0.457192955    0.457193311
    3.826484446    0.457193675    0.457193285
    3.954033927    0.457192959    0.457193248
    4.081583409    0.457193532    0.457193218
    4.209132890    0.457192987    0.457193177
    4.336682372    0.457193358    0.457193143
    4.464231853    0.457193030    0.457193099
    4.591781335    0.457193159    0.457193058
    4.719330816    0.457193076    0.457193011
    4.846880298    0.457192947    0.457192963
    4.974429779    0.457193115    0.457192911
    5.101979261    0.457192729    0.457192854
    5.229528742    0.457193133    0.457192795
    5.357078224    0.457192515    0.457192727
    5.484627705    0.457193116    0.457192659
    5.612177187    0.457192312    0.457192578
    5.739726668    0.457193052    0.457192497
    5.867276150    0.457192122    0.457192399
    5.994825631    0.457192931    0.457192301
    6.122375113    0.457191945    0.457192180
    6.249924594    0.457192742    0.457192058
    6.377474076    0.457191775    0.457191908
    6.505023557    0.457192475    0.457191751
    6.632573039    0.457191597    0.457191562
    6.760122520    0.457192121    0.457191358
    6.887672002    0.457191393    0.457191115
    7.015221484    0.457191668    0.457190846
    7.142770965    0.457191130    0.457190528
    7.270320447    0.457191098    0.457190170
    7.397869928    0.457190769    0.457189750
    7.525419410    0.457190387    0.457189267
    7.652968891    0.457190255    0.457188712
    7.780518373    0.457189497    0.457188101
    7.908067854    0.457189515    0.457187407
    8.035617336    0.457188368    0.457186610
    8.163166817    0.457188453    0.457185688
    8.290716299    0.457186913    0.457184604
    8.418265780    0.457186944    0.457183336
    8.545815262    0.457185003    0.457181828
    8.673364743    0.457184811    0.457180052
    8.800914225    0.457182448    0.457177929
    8.928463706    0.457181822    0.457175419
    9.056013188    0.457179202    0.457172415
    9.183562669    0.457178689    0.457168855
    9.311112151    0.457175798    0.457164598
    9.438661632    0.457174141    0.457159546
    9.566211114    0.457170389    0.457153508
    9.693760595    0.457167192    0.457146339
    9.821310077    0.457162236    0.457137799
    9.948859558    0.457156980    0.457127657
   10.076409040    0.457150287    0.457115587
   10.203958521    0.457142265    0.457101260
   10.331508003    0.457133041    0.457084236
   10.459057485    0.457121290    0.457064037
   10.586606966    0.457108381    0.457040058
   10.714156448    0.457091580    0.457011596
   10.841705929    0.457073337    0.456977849
   10.969255411    0.457049483    0.456937863
   11.096804892    0.457023572    0.456890536
   11.224354374    0.456990482    0.456834546
   11.351903855    0.456953681    0.456768383
   11.479453337    0.456907392    0.456690228
   11.607002818    0.456855297    0.456598014
   11.734552300    0.456790883    0.456489272
   11.862101781    0.456717260    0.456361198
   11.989651263    0.456627684    0.456210401
   12.117200744    0.456524057    0.456033033
   12.244750226    0.456399629    0.455824493
   12.372299707    0.456254451    0.455579533
   12.499849189    0.456081870    0.455291926
   12.627398670    0.455879419    0.454954512
   12.754948152    0.455640477    0.454558832
   12.882497633    0.455359416    0.454095129
   13.010047115    0.455029373    0.453551908
   13.137596596    0.454641194    0.452915820
   13.265146078    0.454187357    0.452171186
   13.392695559    0.453652950    0.451299699
   13.520245041    0.453028914    0.450279854
   13.647794522    0.452295159    0.449086401
   13.775344004    0.451439263    0.447689636
   13.902893486    0.450434519    0.446054495
   14.030442967    0.449263053    0.444139586
   14.157992449    0.447889833    0.441895827
   14.285541930    0.446288519    0.439265135
   14.413091412    0.444413300    0.436178434
   14.540640893    0.442225288    0.432553920
   14.668190375    0.439664288    0.428294327
   14.795739856    0.436673066    0.423284595
   14.923289338    0.433171253    0.417388094
   15.050838819    0.429074626    0.410442986
   15.178388301    0.424274046    0.402256419
   15.305937782    0.418646210    0.392598458
   15.433487264    0.412038955    0.381192745
   15.561036745    0.404272964    0.367707002
   15.688586227    0.395134570    0.351744233
   15.816135708    0.384365282    0.332837876
   15.943685190    0.371665547    0.310444022
   16.071234671    0.356670557    0.283932363
   16.198784153    0.338963533    0.252566999
   16.326333634    0.318033407    0.215474374
   16.453883116    0.293291445    0.171648851
   16.581432597    0.264004122    0.120024818
   16.708982079    0.229306155    0.059620754
   16.836531560    0.188103108   -0.010221721
   16.964081042    0.139090980   -0.089529884
   17.091630523    0.080746136   -0.177470435
   17.219180005    0.011442317   -0.272322091
   17.346729486   -0.070645352   -0.371624156
   17.474278968   -0.167542863   -0.472400962
   17.601828450   -0.281739086   -0.571447992
   17.729377931   -0.416457318   -0.665663433
   17.856927413   -0.574815768   -0.752349025
   17.984476894   -0.758278141   -0.829442536
   18.112026376   -0.965019407   -0.895687447
   18.239575857   -1.187730727   -0.950668068
   18.367125339   -1.412048794   -0.994638261
   18.494674820   -1.618359703   -1.028225672
   18.622224302   -1.786453532   -1.052166149
   18.749773783   -1.899582195   -1.067138018
   18.877323265   -1.946200999   -1.073665415
   19.004872746   -1.921411133   -1.072087500
   19.132422228   -1.827991619   -1.062566097
   19.259971709   -1.675735197   -1.045081791
   19.387521191   -1.479859305   -1.019449947
   19.515070672   -1.259628831   -0.985406316
   19.642620154   -1.035248145   -0.942758686
   19.770169635   -0.823211317   -0.891636237
   19.897719117   -0.633419488   -0.832804909
   20.025268598   -0.469884815   -0.767909544
   20.152818080   -0.332910682   -0.699511505
   20.280367561   -0.220775491   -0.630963788
   20.407917043   -0.131250806   -0.566216841
   20.535466524   -0.062746827   -0.509518554
   20.663016006   -0.014318274   -0.465002935
   20.790565487    0.014716649   -0.436237058
   20.918114969    0.024725372   -0.425741214
   21.045664451    0.015876090   -0.434518901
   21.173213932   -0.011914419   -0.461824104
   21.300763414   -0.058928249   -0.505334573
   21.428312895   -0.125766298   -0.561603154
   21.555862377   -0.213298628   -0.626544031
   21.683411858   -0.322984704   -0.695890396
   21.810961340   -0.457021230   -0.765618572
   21.938510821   -0.617350532   -0.832266663
   22.066060303   -0.804132385   -0.893137415
   22.193609784   -1.014120026   -0.946435543
   22.321159266   -1.238454893   -0.991269061
   22.448708747   -1.461515637   -1.027444629
   22.576258229   -1.663267802   -1.055165448
   22.703807710   -1.823952097   -1.074776905
   22.831357192   -1.927596863   -1.086609727
   22.958906673   -1.963524972   -1.090889043
   23.086456155   -1.927877090   -1.087711217
   23.214005636   -1.824523543   -1.077051245
   23.341555118   -1.664156894   -1.058755965
   23.469104599   -1.462774125   -1.032568918
   23.596654081   -1.240175220   -0.998220185
   23.724203562   -1.016454249   -0.955581220
   23.851753044   -0.807312697   -0.904915395
   23.979302525   -0.621702754   -0.847183869
   24.106852007   -0.462977917   -0.784249960
   24.234401488   -0.331083162   -0.718891721
   24.361950970   -0.224190558   -0.654668698
   24.489500452   -0.140208633   -0.595682998
   24.617049933   -0.077805361   -0.546215682
   24.744599415   -0.036229785   -0.510244379
   24.872148896   -0.015048462   -0.490906755
   24.999698378   -0.014111512   -0.489978235
   25.127247859   -0.033423838   -0.507509052
   25.254797341   -0.073140911   -0.541812807
   25.382346822   -0.133690544   -0.589813307
   25.509896304   -0.215787885   -0.647562955
   25.637445785   -0.320712617   -0.710778840
   25.764995267   -0.450467333   -0.775329625
   25.892544748   -0.606853855   -0.837616299
   26.020094230   -0.790128833   -0.894822149
   26.147643711   -0.997183572   -0.945049314
   26.275193193   -1.219391540   -0.987309031
   26.402742674   -1.441418157   -1.021312164
   26.530292156   -1.643384016   -1.047152956
   26.657841637   -1.805440619   -1.065046201
   26.785391119   -1.911324206   -1.075163795
   26.912940600   -1.949944640   -1.077529690
   27.040490082   -1.916943276   -1.071989871
   27.168039563   -1.815751234   -1.058218415
   27.295589045   -1.656784039   -1.035709489
   27.423138526   -1.455943200   -1.003796222
   27.550688008   -1.233030141   -0.961727246
   27.678237489   -1.008203278   -0.908818486
   27.805786971   -0.797120537   -0.844701933
   27.933336453   -0.608449718   -0.769627443
   28.060885934   -0.444968478   -0.684669801
   28.188435416   -0.305845560   -0.591734396
   28.315984897   -0.188106128   -0.493406860
   28.443534379   -0.088372051   -0.392732724
   28.571083860   -0.003969134   -0.292927924
   28.698633342    0.067237976   -0.197043467
   28.826182823    0.127151267   -0.107663708
   28.953732305    0.177457627   -0.026670539
   29.081281786    0.219717906    0.044924969
   29.208831268    0.255289177    0.106995879
   29.336380749    0.285295111    0.160103055
   29.463930231    0.310641743    0.205189517
   29.591479712    0.332073701    0.243324072
   29.719029194    0.350209116    0.275543036
   29.846578675    0.365560501    0.302756980
   29.974128157    0.378567129    0.325732193
   30.101677638    0.389591266    0.345121268
   30.229227120    0.398950427    0.361485840
   30.356776601    0.406899679    0.375306680
   30.484326083    0.413666548    0.386992636
   30.611875564    0.419427640    0.396885963
   30.739425046    0.424344509    0.405271025
   30.866974527    0.428538931    0.412384178
   30.994524009    0.432126264    0.418423291
   31.122073490    0.435190617    0.423554392
   31.249622972    0.437814579    0.427917393
   31.377172454    0.440057865    0.431630225
   31.504721935    0.441979582    0.434792386
   31.632271417    0.443623133    0.437487771
   31.759820898    0.445030594    0.439786999
   31.887370380    0.446234600    0.441749647
   32.014919861    0.447264446    0.443425860
   32.142469343    0.448145583    0.444858088
   32.270018824    0.448897651    0.446082139
   32.397568306    0.449541334    0.447128482
   32.525117787    0.450089020    0.448022871
   32.652667269    0.450558136    0.448787361
   32.780216750    0.450955641    0.449440634
   32.907766232    0.451296823    0.449998760
   33.035315713    0.451585124    0.450475369
   33.162865195    0.451832679    0.450882234
   33.290414676    0.452040580    0.451229338
   33.417964158    0.452219444    0.451525325
   33.545513639    0.452368884    0.451777547
   33.673063121    0.452497680    0.451992351
   33.800612602    0.452604825    0.452175148
   33.928162084    0.452697206    0.452330608
   34.055711565    0.452773898    0.452462726
   34.183261047    0.452839859    0.452574921
   34.310810528    0.452894750    0.452670147
   34.438360010    0.452941604    0.452750886
   34.565909491    0.452981020    0.452819293
   34.693458973    0.453013981    0.452877189
   34.821008455    0.453042308    0.452926174
   34.948557936    0.453065559    0.452967562
   35.076107418    0.453086062    0.453002529
   35.203656899    0.453101997    0.453032020
   35.331206381    0.453116903    0.453056894
   35.458755862    0.453127730    0.453077841
   35.586305344    0.453138632    0.453095515
   35.713854825    0.453145834    0.453110388
   35.841404307    0.453153818    0.453122930
   35.968953788    0.453158484    0.453133472
   36.096503270    0.453164299    0.453142352
   36.224052751    0.453167222    0.453149814
   36.351602233    0.453171374    0.453156097
   36.479151714    0.453173123    0.453161364
   36.606701196    0.453175960    0.453165794
   36.734250677    0.453176934    0.453169514
   36.861800159    0.453178982    0.453172640
   36.989349640    0.453180412    0.453175269
   37.116899122    0.453181945    0.453177476
   37.244448603    0.453183205    0.453179341
   37.371998085    0.453184066    0.453180907
   37.499547566    0.453185276    0.453182241
   37.627097048    0.453185592    0.453183364
   37.754646529    0.453186815    0.453184336
   37.882196011    0.453186707    0.453185160
   38.009745492    0.453187958    0.453185891
   38.137294974    0.453187544    0.453186520
   38.264844456    0.453188799    0.453187100
   38.392393937    0.453188194    0.453187600
   38.519943419    0.453189408    0.453188042
   38.647492900    0.453188723    0.453188415
   38.775042382    0.453189839    0.453188747
   38.902591863    0.453189173    0.453189028
   39.030141345    0.453190131    0.453189281
   39.157690826    0.453189573    0.453189497
   39.285240308    0.453190318    0.453189692
   39.412789789    0.453189937    0.453189860
   39.540339271    0.453190429    0.453190012
   39.667888752    0.453190272    0.453190147
   39.795438234    0.453190487    0.453190266
   39.922987715    0.453190579    0.453190377
   40.050537197    0.453190516    0.453190472
   40.178086678    0.453190854    0.453190565
   40.305636160    0.453190532    0.453190643
   40.433185641    0.453191092    0.453190722
   40.560735123    0.453190552    0.453190786
   40.688284604    0.453191290    0.453190855
   40.815834086    0.453190588    0.453190909
   40.943383567    0.453191442    0.453190970
   41.070933049    0.453190648    0.453191016
   41.198482530    0.453191548    0.453191071
   41.326032012    0.453190737    0.453191111
   41.453581493    0.453191607    0.453191159
   41.581130975    0.453190854    0.453191196
   41.708680457    0.453191624    0.453191239
   41.836229938    0.453190998    0.453191272
   41.963779420    0.453191605    0.453191310
   42.091328901    0.453191162    0.453191342
   42.218878383    0.453191558    0.453191375
   42.346427864    0.453191339    0.453191405
   42.473977346    0.453191493    0.453191434
   42.601526827    0.453191517    0.453191462
   42.729076309    0.453191422    0.453191487
   42.856625790    0.453191688    0.453191514
   42.984175272    0.453191356    0.453191536
   43.111724753    0.453191840    0.453191562
   43.239274235    0.453191304    0.453191580
   43.366823716    0.453191964    0.453191605
   43.494373198    0.453191274    0.453191619
   43.621922679    0.453192055    0.453191643
   43.749472161    0.453191274    0.453191655
   43.877021642    0.453192106    0.453191677
   44.004571124    0.453191305    0.453191687
   44.132120605    0.453192118    0.453203306
   44.259670087    0.453191368    0.453234248
   44.387219568    0.453192092    0.453284530
   44.514769050    0.453191460    0.453354136
   44.642318531    0.453192032    0.453443081
   44.769868013    0.453191574    0.453551352
   44.897417494    0.453191946    0.453678959
   45.024966976    0.453191702    0.453825896
   45.152516458    0.453191843    0.453992166
   45.280065939    0.453191835    0.454166167
   45.407615421    0.453191733    0.454340167
   45.535164902    0.453458755    0.454514168
   45.662714384    0.453903076    0.454688165
   45.790263865    0.454348177    0.454862165
