    0.000000000    0.334781778    0.334592414
    0.127548332    0.334436102    0.334457265
    0.255096664    0.334091080    0.334322118
    0.382644996    0.333745292    0.334186966
    0.510193328    0.333400361    0.334051818
    0.637741660    0.333054495    0.333916663
    0.765289992    0.332916844    0.333781513
    0.892838324    0.332916322    0.333646355
    1.020386655    0.332916831    0.333511204
    1.147934987    0.332916318    0.333385053
    1.275483319    0.332916790    0.333273926
    1.403031651    0.332916333    0.333177806
    1.530579983    0.332916723    0.333096709
    1.658128315    0.332916363    0.333030621
    1.785676647    0.332916634    0.332979554
    1.913224979    0.332916404    0.332943497
    2.040773311    0.332916528    0.332922460
    2.168321643    0.332916450    0.332916434
    2.295869975    0.332916411    0.332916417
    2.423418307    0.332916494    0.332916396
    2.550966639    0.332916291    0.332916376
    2.678514971    0.332916529    0.332916353
    2.806063303    0.332916174    0.332916329
    2.933611635    0.332916548    0.332916306
    3.061159966    0.332916066    0.332916277
    3.188708298    0.332916544    0.332916252
    3.316256630    0.332915974    0.332916220
    3.443804962    0.332916512    0.332916193
    3.571353294    0.332915900    0.332916157
    3.698901626    0.332916450    0.332916127
    3.826449958    0.332915846    0.332916087
    3.953998290    0.332916355    0.332916054
    4.081546622    0.332915811    0.332916010
    4.209094954    0.332916230    0.332915973
    4.336643286    0.332915792    0.332915925
    4.464191618    0.332916076    0.332915882
    4.591739950    0.332915782    0.332915829
    4.719288282    0.332915899    0.332915780
    4.846836614    0.332915775    0.332915721
    4.974384945    0.332915703    0.332915664
    5.101933277    0.332915761    0.332915598
    5.229481609    0.332915496    0.332915531
    5.357029941    0.332915729    0.332915456
    5.484578273    0.332915282    0.332915376
    5.612126605    0.332915669    0.332915289
    5.739674937    0.332915065    0.332915192
    5.867223269    0.332915567    0.332915090
    5.994771601    0.332914846    0.332914972
    6.122319933    0.332915413    0.332914849
    6.249868265    0.332914624    0.332914703
    6.377416597    0.332915194    0.332914550
    6.504964929    0.332914391    0.332914368
    6.632513261    0.332914896    0.332914174
    6.760061593    0.332914132    0.332913944
    6.887609924    0.332914505    0.332913694
    7.015158256    0.332913827    0.332913398
    7.142706588    0.332914002    0.332913071
    7.270254920    0.332913444    0.332912685
    7.397803252    0.332913363    0.332912252
    7.525351584    0.332912939    0.332911743
    7.652899916    0.332912552    0.332911181
    7.780448248    0.332912253    0.332910546
    7.907996580    0.332911518    0.332909785
    8.035544912    0.332911306    0.332908897
    8.163093244    0.332910190    0.332907910
    8.290641576    0.332909990    0.332906767
    8.418189908    0.332908460    0.332905426
    8.545738240    0.332908160    0.332903853
    8.673286572    0.332906177    0.332901995
    8.800834904    0.332905622    0.332899809
    8.928383235    0.332903137    0.332897219
    9.055931567    0.332902480    0.332894169
    9.183479899    0.332900011    0.332890550
    9.311028231    0.332897706    0.332886286
    9.438576563    0.332893965    0.332881227
    9.566124895    0.332892193    0.332875256
    9.693673227    0.332887850    0.332868177
    9.821221559    0.332883652    0.332859833
    9.948769891    0.332877648    0.332849950
   10.076318223    0.332871259    0.332838290
   10.203866555    0.332863178    0.332824497
   10.331414887    0.332853790    0.332808221
   10.458963219    0.332842785    0.332788986
   10.586511551    0.332829328    0.332766275
   10.714059883    0.332814169    0.332739437
   10.841608214    0.332795173    0.332707815
   10.969156546    0.332773955    0.332670516
   11.096704878    0.332747392    0.332626509
   11.224253210    0.332718065    0.332574650
   11.351801542    0.332681166    0.332513585
   11.479349874    0.332639965    0.332441729
   11.606898206    0.332588942    0.332357210
   11.734446538    0.332531275    0.332257904
   11.861994870    0.332460737    0.332141258
   11.989543202    0.332380130    0.332004318
   12.117091534    0.332282739    0.331843660
   12.244639866    0.332170388    0.331655379
   12.372188198    0.332036089    0.331434756
   12.499736530    0.331880033    0.331176458
   12.627284862    0.331695101    0.330874143
   12.754833194    0.331479151    0.330520571
   12.882381525    0.331224956    0.330107179
   13.009929857    0.330927326    0.329624142
   13.137478189    0.330579148    0.329059857
   13.265026521    0.330170930    0.328400953
   13.392574853    0.329693164    0.327631670
   13.520123185    0.329134192    0.326733737
   13.647671517    0.328483692    0.325685618
   13.775219849    0.327720858    0.324462214
   13.902768181    0.326833097    0.323033930
   14.030316513    0.325794152    0.321366044
   14.157864845    0.324585894    0.319417577
   14.285413177    0.323173159    0.317140213
   14.412961509    0.321530104    0.314476862
   14.540509841    0.319610386    0.311360066
   14.668058173    0.317376488    0.307710252
   14.795606504    0.314767244    0.303433574
   14.923154836    0.311727650    0.298419813
   15.050703168    0.308176013    0.292539034
   15.178251500    0.304032088    0.285638630
   15.305799832    0.299185569    0.277538398
   15.433348164    0.293518646    0.268025723
   15.560896496    0.286880358    0.256848816
   15.688444828    0.279099777    0.243716098
   15.815993160    0.269967899    0.228302533
   15.943541492    0.259241009    0.210273266
   16.071089824    0.246633425    0.189315578
   16.198638156    0.231807344    0.165184100
   16.326186488    0.214376658    0.137735677
   16.453734820    0.193876281    0.106993040
   16.581283152    0.169774382    0.073180152
   16.708831483    0.141415528    0.036654974
   16.836379815    0.108041582   -0.002160914
   16.963928147    0.068725279   -0.042820517
   17.091476479    0.022533384   -0.084851746
   17.219024811   -0.031338841   -0.127757856
   17.346573143   -0.093143040   -0.171020341
   17.474121475   -0.162416422   -0.214105993
   17.601669807   -0.237647510   -0.256471426
   17.729218139   -0.316546482   -0.297565729
   17.856766471   -0.395353001   -0.336829218
   17.984314803   -0.469520408   -0.373693031
   18.111863135   -0.536047014   -0.407578785
   18.239411467   -0.593579865   -0.437900354
   18.366959799   -0.641652214   -0.464064308
   18.494508131   -0.679837905   -0.485496090
   18.622056463   -0.707740770   -0.501707916
   18.749604794   -0.725069238   -0.512387076
   18.877153126   -0.731728984   -0.517423510
   19.004701458   -0.727771540   -0.516872388
   19.132249790   -0.713361621   -0.510964036
   19.259798122   -0.688683604   -0.500096049
   19.387346454   -0.653991421   -0.484863397
   19.514894786   -0.609597941   -0.466069006
   19.642443118   -0.555980569   -0.444648303
   19.769991450   -0.493729357   -0.421594313
   19.897539782   -0.424205709   -0.397912620
   20.025088114   -0.350338616   -0.374598167
   20.152636446   -0.276959524   -0.352602035
   20.280184778   -0.208981022   -0.332784784
   20.407733110   -0.149740601   -0.315873915
   20.535281442   -0.101755434   -0.302392215
   20.662829773   -0.066582773   -0.292637048
   20.790378105   -0.045002011   -0.286758795
   20.917926437   -0.037249407   -0.284828358
   21.045474769   -0.043370839   -0.286872894
   21.173023101   -0.063338110   -0.292870552
   21.300571433   -0.096973263   -0.302750621
   21.428119765   -0.143605480   -0.316362965
   21.555668097   -0.201829736   -0.333418437
   21.683216429   -0.269272475   -0.353412949
   21.810764761   -0.342778983   -0.375633766
   21.938313093   -0.417692451   -0.399234873
   22.065861425   -0.488992779   -0.423280229
   22.193409757   -0.553483788   -0.446789345
   22.320958089   -0.609591371   -0.468774853
   22.448506421   -0.656622267   -0.488269707
   22.576054753   -0.693926692   -0.504371843
   22.703603084   -0.720970963   -0.516319915
   22.831151416   -0.737289602   -0.523576561
   22.958699748   -0.742614485   -0.525836369
   23.086248080   -0.736833285   -0.522989657
   23.213796412   -0.720059832   -0.515133210
   23.341344744   -0.692566062   -0.502559115
   23.468893076   -0.654798606   -0.485790614
   23.596441408   -0.607292453   -0.465569688
   23.723989740   -0.550668682   -0.442764678
   23.851538072   -0.485631066   -0.418286151
   23.979086404   -0.413719959   -0.393042601
   24.106634736   -0.338143768   -0.367923381
   24.234183068   -0.263876123   -0.343787458
   24.361731400   -0.195581058   -0.321430484
   24.489279732   -0.136355354   -0.301545503
   24.616828063   -0.088574210   -0.284743282
   24.744376395   -0.053574783   -0.271550863
   24.871924727   -0.032016941   -0.262388089
   24.999473059   -0.023911478   -0.257514873
   25.127021391   -0.028968562   -0.257021814
   25.254569723   -0.046585239   -0.260879429
   25.382118055   -0.076020616   -0.268992681
   25.509666387   -0.116184633   -0.281188916
   25.637214719   -0.165844750   -0.297154673
   25.764763051   -0.223079198   -0.316368572
   25.892311383   -0.285259919   -0.338122973
   26.019859715   -0.350382196   -0.361595200
   26.147408047   -0.416634206   -0.385878256
   26.274956379   -0.481822245   -0.410020238
   26.402504711   -0.542714654   -0.433048087
   26.530053042   -0.595952081   -0.453995316
   26.657601374   -0.639393835   -0.471946092
   26.785149706   -0.672235865   -0.486097804
   26.912698038   -0.694233362   -0.495770825
   27.040246370   -0.705356175   -0.500446750
   27.167794702   -0.705795809   -0.499812850
   27.295343034   -0.695932267   -0.493764837
   27.422891366   -0.676216569   -0.482377913
   27.550439698   -0.647084509   -0.465844174
   27.677988030   -0.608840371   -0.444433051
   27.805536362   -0.561657473   -0.418485087
   27.933084694   -0.505697725   -0.388446214
   28.060633026   -0.441836421   -0.354868995
   28.188181358   -0.372074621   -0.318365307
   28.315729690   -0.298500082   -0.279553097
   28.443278022   -0.223730923   -0.239037323
   28.570826353   -0.151265055   -0.197403738
   28.698374685   -0.083974883   -0.155212796
   28.825923017   -0.023360679   -0.112993585
   28.953471349    0.029893796   -0.071243198
   29.081019681    0.075821636   -0.030429054
   29.208568013    0.114980929    0.009003605
   29.336116345    0.148179412    0.046624634
   29.463664677    0.176323960    0.082017285
   29.591213009    0.200190987    0.114808137
   29.718761341    0.220444963    0.144715281
   29.846309673    0.237629447    0.171551271
   29.973858005    0.252216277    0.195245769
   30.101406337    0.264595855    0.215883112
   30.228954669    0.275109592    0.233674919
   30.356503001    0.284042331    0.248899869
   30.484051332    0.291640806    0.261868125
   30.611599664    0.298110780    0.272889726
   30.739147996    0.303626189    0.282251744
   30.866696328    0.308333260    0.290207087
   30.994244660    0.312353162    0.296970156
   31.121792992    0.315789706    0.302722373
   31.249341324    0.318727684    0.307616959
   31.376889656    0.321242522    0.311783957
   31.504437988    0.323393854    0.315333423
   31.631986320    0.325236677    0.318358890
   31.759534652    0.326813160    0.320939353
   31.887082984    0.328163677    0.323141769
   32.014631316    0.329318465    0.325022579
   32.142179648    0.330307354    0.326629563
   32.269727980    0.331152288    0.328003063
   32.397276312    0.331874555    0.329177302
   32.524824643    0.332491977    0.330181305
   32.652372975    0.333020428    0.331039776
   32.779921307    0.333470406    0.331773768
   32.907469639    0.333853996    0.332401209
   33.035017971    0.334181606    0.332937450
   33.162566303    0.334460229    0.333395568
   33.290114635    0.334697917    0.333786811
   33.417662967    0.334899432    0.334120769
   33.545211299    0.335071406    0.334405724
   33.672759631    0.335216682    0.334648700
   33.800307963    0.335340773    0.334855803
   33.927856295    0.335445217    0.335032222
   34.055404627    0.335534552    0.335182418
   34.182952959    0.335609496    0.335310143
   34.310501291    0.335673660    0.335418753
   34.438049622    0.335727397    0.335511037
   34.565597954    0.335773387    0.335589401
   34.693146286    0.335811758    0.335655892
   34.820694618    0.335844716    0.335712282
   34.948242950    0.335872425    0.335760071
   35.075791282    0.335895801    0.335800548
   35.203339614    0.335915642    0.335834815
   35.330887946    0.335932192    0.335863781
   35.458436278    0.335946489    0.335888262
   35.585984610    0.335958112    0.335908990
   35.713532942    0.335968442    0.335926550
   35.841081274    0.335976518    0.335941380
   35.968629606    0.335983988    0.335953918
   36.096177938    0.335989514    0.335964505
   36.223726270    0.335994885    0.335973465
   36.351274601    0.335998589    0.335981022
   36.478822933    0.336002374    0.335987410
   36.606371265    0.336004818    0.335992799
   36.733919597    0.336006994    0.335997358
   36.861467929    0.336008289    0.336001204
   36.989016261    0.336011295    0.336004460
   37.116564593    0.336013372    0.336007209
   37.244112925    0.336014753    0.336009539
   37.371661257    0.336015768    0.336011511
   37.499209589    0.336016889    0.336013187
   37.626757921    0.336017820    0.336014613
   37.754306253    0.336018532    0.336015831
   37.881854585    0.336019356    0.336016879
   38.009402917    0.336019741    0.336017783
   38.136951249    0.336020509    0.336018574
   38.264499581    0.336020644    0.336019286
   38.392047912    0.336021379    0.336019939
   38.519596244    0.336021333    0.336020471
   38.647144576    0.336022037    0.336020913
   38.774692908    0.336021874    0.336021299
   38.902241240    0.336022532    0.336021648
   39.029789572    0.336022313    0.336021945
   39.157337904    0.336022903    0.336022213
   39.284886236    0.336022683    0.336022443
   39.412434568    0.336023178    0.336022652
   39.539982900    0.336023005    0.336022832
   39.667531232    0.336023381    0.336022997
   39.795079564    0.336023290    0.336023141
   39.922627896    0.336023531    0.336023274
   40.050176228    0.336023547    0.336023392
   40.177724560    0.336023643    0.336023501
   40.305272891    0.336023779    0.336023599
   40.432821223    0.336023731    0.336023689
   40.560369555    0.336023985    0.336023773
   40.687917887    0.336023807    0.336023848
   40.815466219    0.336024165    0.336023922
   40.943014551    0.336023879    0.336023986
   41.070562883    0.336024317    0.336024051
   41.198111215    0.336023956    0.336024106
   41.325659547    0.336024440    0.336024164
   41.453207879    0.336024041    0.336024212
   41.580756211    0.336024533    0.336024264
   41.708304543    0.336024139    0.336024307
   41.835852875    0.336024597    0.336024355
   41.963401207    0.336024248    0.336024393
   42.090949539    0.336024636    0.336024436
   42.218497871    0.336024368    0.336024471
   42.346046202    0.336024653    0.336024509
   42.473594534    0.336024495    0.336024542
   42.601142866    0.336024654    0.336024576
   42.728691198    0.336024624    0.336024606
   42.856239530    0.336024644    0.336024637
   42.983787862    0.336024749    0.336024665
   43.111336194    0.336024630    0.336024691
   43.238884526    0.336024866    0.336024718
   43.366432858    0.336024618    0.336024741
   43.493981190    0.336024967    0.336024766
   43.621529522    0.336024615    0.336024785
   43.749077854    0.336025048    0.336024808
   43.876626186    0.336024624    0.336024825
   44.004174518    0.336025106    0.336024846
   44.131722850    0.336024649    0.336015850
   44.259271181    0.336025138    0.335991843
   44.386819513    0.336024690    0.335952812
   44.514367845    0.336025144    0.335898770
   44.641916177    0.336024748    0.335829703
   44.769464509    0.336025127    0.335745626
   44.897012841    0.336024819    0.335646524
   45.024561173    0.336025089    0.335532411
   45.152109505    0.336024900    0.335403276
   45.279657837    0.336025035    0.335268136
   45.407206169    0.336024985    0.335132993
   45.534754501    0.335817745    0.334997850
   45.662302833    0.335472462    0.334862705
   45.789851165    0.335126922    0.334727560
