    0.000000000    0.439352310    0.440182429
    0.129894642    0.440867619    0.440775303
    0.259789284    0.442382600    0.441368182
    0.389683926    0.443897848    0.441961058
    0.519578568    0.445412892    0.442553934
    0.649473210    0.446928073    0.443146810
    0.779367852    0.447534107    0.443739685
    0.909262494    0.447534087    0.444332562
    1.039157136    0.447534138    0.444925434
    1.169051778    0.447534047    0.445478787
    1.298946420    0.447534169    0.445966257
    1.428841062    0.447534006    0.446387859
    1.558735704    0.447534196    0.446743576
    1.688630346    0.447533966    0.447033428
    1.818524988    0.447534219    0.447257393
    1.948419630    0.447533928    0.447415495
    2.078314272    0.447534235    0.447507707
    2.208208914    0.447533893    0.447534058
    2.338103556    0.447534244    0.447534043
    2.467998198    0.447533861    0.447534042
    2.597892840    0.447534245    0.447534026
    2.727787482    0.447533834    0.447534024
    2.857682124    0.447534236    0.447534005
    2.987576766    0.447533812    0.447534001
    3.117471408    0.447534215    0.447533979
    3.247366050    0.447533793    0.447533972
    3.377260692    0.447534183    0.447533948
    3.507155334    0.447533778    0.447533937
    3.637049976    0.447534137    0.447533910
    3.766944618    0.447533764    0.447533893
    3.896839259    0.447534078    0.447533862
    4.026733901    0.447533751    0.447533837
    4.156628543    0.447534002    0.447533801
    4.286523185    0.447533734    0.447533767
    4.416417827    0.447533909    0.447533723
    4.546312469    0.447533710    0.447533677
    4.676207111    0.447533797    0.447533623
    4.806101753    0.447533673    0.447533562
    4.935996395    0.447533661    0.447533493
    5.065891037    0.447533617    0.447533411
    5.195785679    0.447533498    0.447533323
    5.325680321    0.447533532    0.447533214
    5.455574963    0.447533300    0.447533099
    5.585469605    0.447533407    0.447532955
    5.715364247    0.447533057    0.447532803
    5.845258889    0.447533227    0.447532612
    5.975153531    0.447532755    0.447532409
    6.105048173    0.447532970    0.447532155
    6.234942815    0.447532375    0.447531882
    6.364837457    0.447532612    0.447531545
    6.494732099    0.447531890    0.447531177
    6.624626741    0.447532115    0.447530727
    6.754521383    0.447531260    0.447530228
    6.884416025    0.447531433    0.447529625
    7.014310667    0.447530435    0.447528949
    7.144205309    0.447530502    0.447528139
    7.274099951    0.447529341    0.447527221
    7.403994593    0.447529236    0.447526130
    7.533889235    0.447527880    0.447524882
    7.663783877    0.447527518    0.447523413
    7.793678519    0.447525916    0.447521725
    7.923573161    0.447525190    0.447519742
    8.053467803    0.447523264    0.447517448
    8.183362445    0.447522033    0.447514759
    8.313257087    0.447519667    0.447511633
    8.443151729    0.447517751    0.447507974
    8.573046371    0.447514780    0.447503707
    8.702941013    0.447511940    0.447498716
    8.832835655    0.447508121    0.447492882
    8.962730297    0.447504060    0.447486063
    9.092624939    0.447499186    0.447478082
    9.222519581    0.447493542    0.447468755
    9.352414223    0.447487007    0.447457831
    9.482308865    0.447479128    0.447445066
    9.612203507    0.447470271    0.447430113
    9.742098149    0.447459368    0.447412640
    9.871992791    0.447447278    0.447392176
   10.001887433    0.447432283    0.447368266
   10.131782075    0.447415709    0.447340273
   10.261676717    0.447395169    0.447307575
   10.391571359    0.447372393    0.447269321
   10.521466001    0.447344319    0.447224655
   10.651360643    0.447312987    0.447172438
   10.781255285    0.447274669    0.447111506
   10.911149927    0.447231585    0.447040350
   11.041044569    0.447179344    0.446957386
   11.170939211    0.447120163    0.446860617
   11.300833853    0.447048989    0.446747896
   11.430728494    0.446967821    0.446616580
   11.560623136    0.446870950    0.446463776
   11.690517778    0.446759893    0.446285983
   11.820412420    0.446628259    0.446079309
   11.950307062    0.446476747    0.445839119
   12.080201704    0.446298203    0.445560191
   12.210096346    0.446092107    0.445236376
   12.339990988    0.445850425    0.444860658
   12.469885630    0.445570952    0.444424846
   12.599780272    0.445244568    0.443919519
   12.729674914    0.444866784    0.443333731
   12.859569556    0.444427030    0.442654801
   12.989464198    0.443917776    0.441868029
   13.119358840    0.443326481    0.440956278
   13.249253482    0.442641660    0.439899669
   13.379148124    0.441848027    0.438674907
   13.509042766    0.440928967    0.437254915
   13.638937408    0.439865237    0.435607820
   13.768832050    0.438633154    0.433696440
   13.898726692    0.437207926    0.431476835
   14.028621334    0.435556822    0.428897577
   14.158515976    0.433647023    0.425897800
   14.288410618    0.431433613    0.422406228
   14.418305260    0.428872064    0.418338626
   14.548199902    0.425900687    0.413596403
   14.678094544    0.422457868    0.408063141
   14.807989186    0.418458741    0.401602281
   14.937883828    0.413816926    0.394052043
   15.067778470    0.408415018    0.385221385
   15.197673112    0.402130375    0.374882341
   15.327567754    0.394799500    0.362765290
   15.457462396    0.386248011    0.348554936
   15.587357038    0.376249717    0.331892342
   15.717251680    0.364560625    0.312373212
   15.847146322    0.350872171    0.289555080
   15.977040964    0.334846645    0.262956125
   16.106935606    0.316061474    0.232050854
   16.236830248    0.294041874    0.196287537
   16.366724890    0.268192541    0.155147071
   16.496619532    0.237823834    0.108232404
   16.626514174    0.202067222    0.055295473
   16.756408816    0.159940993   -0.003665520
   16.886303458    0.110369784   -0.068284029
   17.016198100    0.052317150   -0.137798209
   17.146092742   -0.015292965   -0.211098791
   17.275987384   -0.093383409   -0.286823137
   17.405882026   -0.182903914   -0.363438352
   17.535776668   -0.284920536   -0.439318203
   17.665671310   -0.400098424   -0.512820638
   17.795565952   -0.527771991   -0.582368048
   17.925460594   -0.665220406   -0.646520348
   18.055355236   -0.809134395   -0.704056341
   18.185249878   -0.953972463   -0.754057064
   18.315144520   -1.091426216   -0.795948998
   18.445039162   -1.212578127   -0.829474108
   18.574933804   -1.309663662   -0.854576903
   18.704828446   -1.377099338   -0.871317720
   18.834723088   -1.411277760   -0.879860291
   18.964617729   -1.410389936   -0.880384368
   19.094512371   -1.374494535   -0.873028398
   19.224407013   -1.305548558   -0.857891816
   19.354301655   -1.207310352   -0.835099827
   19.484196297   -1.085504001   -0.804894561
   19.614090939   -0.947949410   -0.767656226
   19.743985581   -0.803573501   -0.724005067
   19.873880223   -0.660707726   -0.674920214
   20.003774865   -0.525047140   -0.621768171
   20.133669507   -0.400331751   -0.566252592
   20.263564149   -0.289862556   -0.510323862
   20.393458791   -0.194957688   -0.456086194
   20.523353433   -0.115733219   -0.405731976
   20.653248075   -0.051957028   -0.361454796
   20.783142717   -0.003556264   -0.325341592
   20.913037359    0.029500718   -0.299210089
   21.042932001    0.047347320   -0.284473706
   21.172826643    0.050004198   -0.282014478
   21.302721285    0.037525396   -0.292010338
   21.432615927    0.009918868   -0.313889404
   21.562510569   -0.032805347   -0.346460278
   21.692405211   -0.090738553   -0.388076064
   21.822299853   -0.163811403   -0.436747314
   21.952194495   -0.252242919   -0.490307903
   22.082089137   -0.356119390   -0.546546255
   22.211983779   -0.474944878   -0.603302254
   22.341878421   -0.606285766   -0.658539795
   22.471773063   -0.746567193   -0.710425220
   22.601667705   -0.891387174   -0.757425836
   22.731562347   -1.033478285   -0.798384181
   22.861456989   -1.163926232   -0.832535503
   22.991351631   -1.274177239   -0.859434941
   23.121246273   -1.357494844   -0.878834069
   23.251140915   -1.409301298   -0.890641778
   23.381035557   -1.426851233   -0.894882732
   23.510930199   -1.409215320   -0.891601727
   23.640824841   -1.357344998   -0.880845106
   23.770719483   -1.274019715   -0.862681607
   23.900614125   -1.163864067   -0.837299075
   24.030508767   -1.033666845   -0.805042690
   24.160403409   -0.892037718   -0.766444316
   24.290298051   -0.747955025   -0.722334994
   24.420192693   -0.608768200   -0.673903637
   24.550087335   -0.478985301   -0.622665661
   24.679981977   -0.362315852   -0.570398682
   24.809876619   -0.261353349   -0.519065796
   24.939771261   -0.176779806   -0.470753766
   25.069665903   -0.108717103   -0.427591968
   25.199560545   -0.057184402   -0.391654466
   25.329455187   -0.022487515   -0.364799356
   25.459349829   -0.004670342   -0.348486255
   25.589244471   -0.003624589   -0.343671097
   25.719139113   -0.018963861   -0.350670457
   25.849033755   -0.050005025   -0.369078196
   25.978928397   -0.095703805   -0.397840245
   26.108823039   -0.155354326   -0.435430490
   26.238717681   -0.228644917   -0.479957489
   26.368612323   -0.315674543   -0.529286247
   26.498506965   -0.416493952   -0.581198398
   26.628401606   -0.530782453   -0.633510869
   26.758296248   -0.656352183   -0.684182868
   26.888190890   -0.788662743   -0.731390352
   27.018085532   -0.922918226   -0.773602251
   27.147980174   -1.053023004   -0.809638983
   27.277874816   -1.171333004   -0.838680265
   27.407769458   -1.270295328   -0.860231561
   27.537664100   -1.343560937   -0.874033667
   27.667558742   -1.386436826   -0.879991701
   27.797453384   -1.395914786   -0.878131813
   27.927348026   -1.370759273   -0.868497766
   28.057242668   -1.311903957   -0.851094314
   28.187137310   -1.222640378   -0.825863831
   28.317031952   -1.108259640   -0.792761914
   28.446926594   -0.975544023   -0.751867700
   28.576821236   -0.832469417   -0.703405459
   28.706715878   -0.686913339   -0.647811988
   28.836610520   -0.545684841   -0.585814669
   28.966505162   -0.413152249   -0.518435602
   29.096399804   -0.292389094   -0.446945440
   29.226294446   -0.185867499   -0.372796237
   29.356189088   -0.094091458   -0.297551793
   29.486083730   -0.016214569   -0.222813685
   29.615978372    0.049518670   -0.150129133
   29.745873014    0.104991905   -0.080890652
   29.875767656    0.151904179   -0.016250538
   30.005662298    0.191713307    0.042942313
   30.135556940    0.225626836    0.096193304
   30.265451582    0.254605328    0.143356547
   30.395346224    0.279423208    0.184587701
   30.525240866    0.300712788    0.220236827
   30.655135508    0.318994850    0.250791614
   30.785030150    0.334707422    0.276850460
   30.914924792    0.348217222    0.299036593
   31.044819434    0.359840729    0.317938786
   31.174714076    0.369844696    0.334071640
   31.304608718    0.378462976    0.347869577
   31.434503360    0.385891561    0.359694743
   31.564398002    0.392303369    0.369847177
   31.694292644    0.397841249    0.378575607
   31.824187286    0.402631702    0.386087954
   31.954081928    0.406777641    0.392559360
   32.083976570    0.410371023    0.398138206
   32.213871212    0.413485942    0.402950891
   32.343765854    0.416189607    0.407105325
   32.473660496    0.418535879    0.410693970
   32.603555138    0.420574313    0.413795959
   32.733449780    0.422344439    0.416479196
   32.863344422    0.423883000    0.418801753
   32.993239064    0.425219293    0.420813455
   33.123133706    0.426380732    0.422556868
   33.253028348    0.427389296    0.424068556
   33.382922990    0.428265558    0.425379780
   33.512817632    0.429026246    0.426517482
   33.642712274    0.429686604    0.427504762
   33.772606916    0.430259393    0.428361611
   33.902501558    0.430756069    0.429105219
   34.032396200    0.431186465    0.429750520
   34.162290841    0.431559157    0.430310381
   34.292185483    0.431881773    0.430796019
   34.422080125    0.432160707    0.431217116
   34.551974767    0.432401887    0.431582136
   34.681869409    0.432610066    0.431898394
   34.811764051    0.432789853    0.432172294
   34.941658693    0.432944794    0.432409373
   35.071553335    0.433078450    0.432614480
   35.201447977    0.433193480    0.432791813
   35.331342619    0.433292589    0.432945057
   35.461237261    0.433377795    0.433077393
   35.591131903    0.433451110    0.433191618
   35.721026545    0.433514109    0.433290142
   35.850921187    0.433568234    0.433375084
   35.980815829    0.433614764    0.433448266
   36.110710471    0.433654659    0.433511290
   36.240605113    0.433689005    0.433565531
   36.370499755    0.433718364    0.433612197
   36.500394397    0.433743709    0.433652328
   36.630289039    0.433765279    0.433686832
   36.760183681    0.433783987    0.433716482
   36.890078323    0.433799811    0.433741962
   37.019972965    0.433813629    0.433763845
   37.149867607    0.433825219    0.433782644
   37.279762249    0.433835431    0.433798784
   37.409656891    0.433843903    0.433812647
   37.539551533    0.433851436    0.433824547
   37.669446175    0.433857604    0.433834768
   37.799340817    0.433863178    0.433843543
   37.929235459    0.433867791    0.433851081
   38.059130101    0.433872045    0.433857553
   38.189024743    0.433875442    0.433863115
   38.318919385    0.433878614    0.433867893
   38.448814027    0.433881115    0.433872002
   38.578708669    0.433883477    0.433875535
   38.708603311    0.433885331    0.433878574
   38.838497953    0.433887081    0.433881191
   38.968392595    0.433888471    0.433883445
   39.098287237    0.433889753    0.433885391
   39.228181879    0.433890814    0.433887069
   39.358076521    0.433891738    0.433888523
   39.487971163    0.433892568    0.433889774
   39.617865805    0.433893213    0.433890856
   39.747760447    0.433893885    0.433891786
   39.877655089    0.433894311    0.433892593
   40.007549731    0.433894875    0.433893285
   40.137444373    0.433895130    0.433893889
   40.267339015    0.433895622    0.433894405
   40.397233657    0.433895744    0.433894858
   40.527128299    0.433896188    0.433895243
   40.657022941    0.433896205    0.433895584
   40.786917583    0.433896616    0.433895872
   40.916812225    0.433896555    0.433896130
   41.046706867    0.433896939    0.433896346
   41.176601509    0.433896822    0.433896542
   41.306496151    0.433897184    0.433896705
   41.436390793    0.433897030    0.433896854
   41.566285435    0.433897368    0.433896977
   41.696180076    0.433897195    0.433897092
   41.826074718    0.433897504    0.433897184
   41.955969360    0.433897328    0.433897273
   42.085864002    0.433897604    0.433897344
   42.215758644    0.433897439    0.433897412
   42.345653286    0.433897675    0.433897467
   42.475547928    0.433897533    0.433897520
   42.605442570    0.433897724    0.433897563
   42.735337212    0.433897615    0.433897604
   42.865231854    0.433897755    0.433897638
   42.995126496    0.433897689    0.433897670
   43.125021138    0.433897773    0.433897697
   43.254915780    0.433897755    0.433897722
   43.384810422    0.433897781    0.433897745
   43.514705064    0.433897816    0.433897763
   43.644599706    0.433897782    0.433897783
   43.774494348    0.433897871    0.433897797
   43.904388990    0.433897778    0.433897814
   44.034283632    0.433897920    0.433897824
   44.164178274    0.433897772    0.433897839
   44.294072916    0.433897964    0.433897846
   44.423967558    0.433897765    0.433897860
   44.553862200    0.433898002    0.433897864
   44.683756842    0.433897758    0.433897877
   44.813651484    0.433898033    0.433897879
   44.943546126    0.433897754    0.433937417
   45.073440768    0.433898057    0.434042817
   45.203335410    0.433897753    0.434214104
   45.333230052    0.433898074    0.434451253
   45.463124694    0.433897756    0.434754290
   45.593019336    0.433898083    0.435123189
   45.722913978    0.433897764    0.435557975
   45.852808620    0.433898085    0.436058624
   45.982703262    0.433897776    0.436625159
   46.112597904    0.433898079    0.437218033
   46.242492546    0.433897793    0.437810917
   46.372387188    0.434807144    0.438403791
   46.502281830    0.436322024    0.438996674
   46.632176472    0.437837384    0.439589548
