    0.000000000    0.487316188    0.488929872
    0.130414978    0.490261696    0.490083106
    0.260829956    0.493210326    0.491236254
    0.391244934    0.496155747    0.492389489
    0.521659912    0.499104443    0.493542634
    0.652074890    0.502049815    0.494695870
    0.782489868    0.503230313    0.495849014
    0.912904846    0.503228630    0.497002249
    1.043319824    0.503230297    0.498155393
    1.173734802    0.503228646    0.499231747
    1.304149780    0.503230261    0.500179879
    1.434564758    0.503228680    0.500999965
    1.564979736    0.503230203    0.501691834
    1.695394714    0.503228731    0.502255651
    1.825809693    0.503230125    0.502691259
    1.956224671    0.503228799    0.502998806
    2.086639649    0.503230027    0.503178152
    2.217054627    0.503228880    0.503229427
    2.347469605    0.503229913    0.503229392
    2.477884583    0.503228974    0.503229408
    2.608299561    0.503229783    0.503229378
    2.738714539    0.503229076    0.503229384
    2.869129517    0.503229640    0.503229359
    2.999544495    0.503229185    0.503229357
    3.129959473    0.503229486    0.503229336
    3.260374451    0.503229296    0.503229324
    3.390789429    0.503229323    0.503229308
    3.521204407    0.503229406    0.503229284
    3.651619385    0.503229154    0.503229272
    3.782034363    0.503229510    0.503229236
    3.912449341    0.503228980    0.503229226
    4.042864319    0.503229604    0.503229177
    4.173279297    0.503228802    0.503229168
    4.303694275    0.503229681    0.503229104
    4.434109253    0.503228621    0.503229093
    4.564524231    0.503229737    0.503229011
    4.694939209    0.503228438    0.503228994
    4.825354187    0.503229764    0.503228893
    4.955769165    0.503228248    0.503228866
    5.086184143    0.503229753    0.503228740
    5.216599121    0.503228050    0.503228695
    5.347014100    0.503229696    0.503228541
    5.477429078    0.503227836    0.503228469
    5.607844056    0.503229579    0.503228276
    5.738259034    0.503227596    0.503228166
    5.868674012    0.503229386    0.503227925
    5.999088990    0.503227314    0.503227760
    6.129503968    0.503229098    0.503227453
    6.259918946    0.503226969    0.503227211
    6.390333924    0.503228685    0.503226816
    6.520748902    0.503226530    0.503226469
    6.651163880    0.503228113    0.503225954
    6.781578858    0.503225954    0.503225460
    6.911993836    0.503227329    0.503224781
    7.042408814    0.503225180    0.503224086
    7.172823792    0.503226265    0.503223181
    7.303238770    0.503224127    0.503222209
    7.433653748    0.503224827    0.503220992
    7.564068726    0.503222680    0.503219642
    7.694483704    0.503222883    0.503218001
    7.824898682    0.503220680    0.503216139
    7.955313660    0.503220254    0.503213911
    8.085728638    0.503217912    0.503211339
    8.216143616    0.503216691    0.503208295
    8.346558594    0.503214077    0.503204741
    8.476973572    0.503211848    0.503200562
    8.607388550    0.503208759    0.503195651
    8.737803528    0.503205245    0.503189894
    8.868218507    0.503201390    0.503183103
    8.998633485    0.503196265    0.503175155
    9.129048463    0.503191363    0.503165762
    9.259463441    0.503184129    0.503154773
    9.389878419    0.503177452    0.503141780
    9.520293397    0.503167373    0.503126575
    9.650708375    0.503158098    0.503108602
    9.781123353    0.503144226    0.503087560
    9.911538331    0.503131205    0.503062704
   10.041953309    0.503112223    0.503033593
   10.172368287    0.503093854    0.502999243
   10.302783265    0.503067936    0.502959003
   10.433198243    0.503042014    0.502911578
   10.563613221    0.503006647    0.502856022
   10.694028199    0.502970136    0.502790636
   10.824443177    0.502921838    0.502714067
   10.954858155    0.502870549    0.502624100
   11.085273133    0.502804516    0.502518818
   11.215688111    0.502732725    0.502395328
   11.346103089    0.502642390    0.502250951
   11.476518067    0.502542310    0.502081901
   11.606933045    0.502418700    0.501884480
   11.737348023    0.502279723    0.501653726
   11.867763001    0.502110632    0.501384572
   11.998177979    0.501918465    0.501070494
   12.128592957    0.501687492    0.500704589
   12.259007935    0.501423029    0.500278258
   12.389422914    0.501108217    0.499782143
   12.519837892    0.500745895    0.499204853
   12.650252870    0.500317829    0.498533724
   12.780667848    0.499823545    0.497753584
   12.911082826    0.499243061    0.496847277
   13.041497804    0.498571533    0.495794480
   13.171912782    0.497786524    0.494571911
   13.302327760    0.496877396    0.493152183
   13.432742738    0.495818205    0.491503575
   13.563157716    0.494590846    0.489588901
   13.693572694    0.493164517    0.487364791
   13.823987672    0.491511195    0.484780612
   13.954402650    0.489592880    0.481777263
   14.084817628    0.487368542    0.478286196
   14.215232606    0.484789517    0.474227620
   14.345647584    0.481797314    0.469509485
   14.476062562    0.478327985    0.464024808
   14.606477540    0.474299617    0.457650374
   14.736892518    0.469625961    0.450242841
   14.867307496    0.464192649    0.441636870
   14.997722474    0.457880970    0.431639486
   15.128137452    0.450532967    0.420026918
   15.258552430    0.441986912    0.406537082
   15.388967408    0.432031183    0.390870016
   15.519382386    0.420451361    0.372686346
   15.649797364    0.406970575    0.351612076
   15.780212342    0.391306451    0.327235169
   15.910627321    0.373095483    0.299106024
   16.041042299    0.351959541    0.266733645
   16.171457277    0.327413285    0.229610223
   16.301872255    0.298940058    0.187244425
   16.432287233    0.265878378    0.139273232
   16.562702211    0.227501784    0.085497010
   16.693117189    0.182898280    0.025880533
   16.823532167    0.131168667   -0.039312194
   16.953947145    0.071368478   -0.109447156
   17.084362123    0.002660333   -0.183549735
   17.214777101   -0.075879346   -0.260380143
   17.345192079   -0.165173024   -0.338508153
   17.475607057   -0.266236718   -0.416378882
   17.606022035   -0.379539100   -0.492388945
   17.736437013   -0.504787383   -0.564965199
   17.866851991   -0.639144792   -0.632639018
   17.997266969   -0.778972131   -0.694108191
   18.127681947   -0.920646026   -0.748308080
   18.258096925   -1.057445800   -0.794473279
   18.388511903   -1.181072935   -0.832153895
   18.518926881   -1.283907969   -0.861129629
   18.649341859   -1.360128799   -0.881305972
   18.779756837   -1.405637787   -0.892741238
   18.910171815   -1.417931286   -0.895587771
   19.040586793   -1.396271902   -0.889996129
   19.171001771   -1.341840554   -0.876111757
   19.301416749   -1.257557792   -0.854090682
   19.431831728   -1.147912580   -0.824213726
   19.562246706   -1.019095673   -0.786922997
   19.692661684   -0.878901301   -0.742822035
   19.823076662   -0.735485489   -0.692809162
   19.953491640   -0.595073407   -0.638143140
   20.083906618   -0.461395571   -0.580411232
   20.214321596   -0.338890459   -0.521450000
   20.344736574   -0.230643278   -0.463272055
   20.475151552   -0.137628959   -0.407999071
   20.605566530   -0.060198540   -0.357788491
   20.735981508    0.001697338   -0.314731093
   20.866396486    0.048025204   -0.280745884
   20.996811464    0.078714630   -0.257412371
   21.127226442    0.093676099   -0.245850593
   21.257641420    0.092850287   -0.246671713
   21.388056398    0.076245563   -0.259840839
   21.518471376    0.043925915   -0.284687053
   21.648886354   -0.004020465   -0.320035107
   21.779301332   -0.067545050   -0.364250449
   21.909716310   -0.146652649   -0.415373976
   22.040131288   -0.241428555   -0.471285026
   22.170546266   -0.351520410   -0.529806060
   22.300961244   -0.475897971   -0.588805006
   22.431376222   -0.611241803   -0.646269531
   22.561791200   -0.753174775   -0.700376432
   22.692206178   -0.897787043   -0.749567270
   22.822621156   -1.038375394   -0.792624791
   22.953036135   -1.166536326   -0.828700306
   23.083451113   -1.274400815   -0.857241754
   23.213866091   -1.355843322   -0.877875387
   23.344281069   -1.406484406   -0.890423602
   23.474696047   -1.423583101   -0.894858669
   23.605111025   -1.406182333   -0.891198108
   23.735526003   -1.355278417   -0.879496373
   23.865940981   -1.273658882   -0.859853397
   23.996355959   -1.165744086   -0.832519407
   24.126770937   -1.037713172   -0.797935031
   24.257185915   -0.897472689   -0.756704288
   24.387600893   -0.753491283   -0.709697446
   24.518015871   -0.612527392   -0.658112674
   24.648430849   -0.478594031   -0.603436831
   24.778845827   -0.356153988   -0.547366445
   24.909260805   -0.248659198   -0.491726038
   25.039675783   -0.157235643   -0.438405481
   25.170090761   -0.082380514   -0.389274047
   25.300505739   -0.024109528   -0.346133951
   25.430920717    0.017439974   -0.310689102
   25.561335695    0.042265866   -0.284442179
   25.691750673    0.050520054   -0.268587624
   25.822165651    0.042781963   -0.263868358
   25.952580629    0.019913447   -0.270514888
   26.082995607   -0.016856439   -0.288306372
   26.213410585   -0.066224438   -0.316594180
   26.343825563   -0.126755046   -0.354226942
   26.474240541   -0.197210285   -0.399613307
   26.604655520   -0.276159350   -0.450887956
   26.735070498   -0.363056204   -0.506009929
   26.865485476   -0.458427355   -0.562862102
   26.995900454   -0.562064874   -0.619334776
   27.126315432   -0.673058410   -0.673420634
   27.256730410   -0.788929571   -0.723279636
   27.387145388   -0.906361462   -0.767299117
   27.517560366   -1.021731519   -0.804209563
   27.647975344   -1.129213622   -0.833157762
   27.778390322   -1.221707503   -0.853691941
   27.908805300   -1.292545607   -0.865684630
   28.039220278   -1.336552573   -0.869215741
   28.169635256   -1.350185876   -0.864551455
   28.300050234   -1.331709522   -0.852023753
   28.430465212   -1.281431532   -0.831893992
   28.560880190   -1.201708855   -0.804348982
   28.691295168   -1.096236990   -0.769518377
   28.821710146   -0.969666111   -0.727557170
   28.952125124   -0.829026799   -0.678700077
   29.082540102   -0.682665012   -0.623290088
   29.212955080   -0.538510554   -0.561883533
   29.343370058   -0.402586914   -0.495314107
   29.473785036   -0.278425833   -0.424678705
   29.604200014   -0.168880767   -0.351277999
   29.734614992   -0.074919056   -0.276547809
   29.865029970    0.004557149   -0.201984372
   29.995444948    0.071470355   -0.129056583
   30.125859927    0.128045498   -0.059119806
   30.256274905    0.176178199    0.006641916
   30.386689883    0.217351669    0.067254996
   30.517104861    0.252698240    0.122059756
   30.647519839    0.283137128    0.170765547
   30.777934817    0.309389292    0.213432795
   30.908349795    0.332068659    0.250388286
   31.038764773    0.351663656    0.282117100
   31.169179751    0.368608496    0.309231548
   31.299594729    0.383249517    0.332389567
   31.430009707    0.395907622    0.352203599
   31.560424685    0.406837023    0.369205206
   31.690839663    0.416282619    0.383830811
   31.821254641    0.424434723    0.396436479
   31.951669619    0.431482672    0.407314936
   32.082084597    0.437568180    0.416711250
   32.212499575    0.442836167    0.424831360
   32.342914553    0.447389365    0.431851056
   32.473329531    0.451336884    0.437920059
   32.603744509    0.454751550    0.443167758
   32.734159487    0.457715370    0.447705152
   32.864574465    0.460279886    0.451628838
   32.994989443    0.462507326    0.455021864
   33.125404421    0.464434400    0.457956686
   33.255819399    0.466108580    0.460495463
   33.386234377    0.467556166    0.462692379
   33.516649355    0.468813470    0.464593707
   33.647064334    0.469899668    0.466239724
   33.777479312    0.470842279    0.467664717
   33.907894290    0.471655731    0.468898556
   34.038309268    0.472360750    0.469966685
   34.168724246    0.472968544    0.470891331
   34.299139224    0.473494307    0.471691485
   34.429554202    0.473947211    0.472383767
   34.559969180    0.474337941    0.472982429
   34.690384158    0.474674487    0.473499937
   34.820799136    0.474963787    0.473947041
   34.951214114    0.475213218    0.474333106
   35.081629092    0.475426566    0.474666275
   35.212044070    0.475611000    0.474953581
   35.342459048    0.475767677    0.475201222
   35.472874026    0.475903832    0.475414466
   35.603289004    0.476018426    0.475598045
   35.733703982    0.476118896    0.475755884
   35.864118960    0.476202372    0.475891607
   35.994533938    0.476276559    0.476008118
   36.124948916    0.476337095    0.476108205
   36.255363894    0.476391968    0.476193989
   36.385778872    0.476435649    0.476267623
   36.516193850    0.476476360    0.476330637
   36.646608828    0.476507698    0.476384703
   36.777023806    0.476538029    0.476430900
   36.907438784    0.476560352    0.476470540
   37.037853762    0.476583067    0.476504365
   37.168268741    0.476598829    0.476533406
   37.298683719    0.476615945    0.476558149
   37.429098697    0.476626959    0.476579413
   37.559513675    0.476639939    0.476597501
   37.689928653    0.476647514    0.476613068
   37.820343631    0.476657389    0.476626287
   37.950758609    0.476662527    0.476637687
   38.081173587    0.476670089    0.476647349
   38.211588565    0.476673519    0.476655701
   38.342003543    0.476679406    0.476662766
   38.472418521    0.476681818    0.476668891
   38.602833499    0.476686359    0.476674063
   38.733248477    0.476687989    0.476678559
   38.863663455    0.476691438    0.476682350
   38.994078433    0.476692579    0.476685655
   39.124493411    0.476695145    0.476688440
   39.254908389    0.476696009    0.476690874
   39.385323367    0.476697843    0.476692931
   39.515738345    0.476698584    0.476694728
   39.646153323    0.476699801    0.476696255
   39.776568301    0.476700530    0.476697587
   39.906983279    0.476701218    0.476698726
   40.037398257    0.476702009    0.476699705
   40.167813235    0.476702239    0.476700556
   40.298228213    0.476703141    0.476701274
   40.428643191    0.476702972    0.476701914
   40.559058169    0.476704012    0.476702437
   40.689473148    0.476703496    0.476702923
   40.819888126    0.476704685    0.476703302
   40.950303104    0.476703872    0.476703677
   41.080718082    0.476705208    0.476703948
   41.211133060    0.476704143    0.476704240
   41.341548038    0.476705612    0.476704431
   41.471963016    0.476704342    0.476704664
   41.602377994    0.476705923    0.476704795
   41.732792972    0.476704493    0.476704983
   41.863207950    0.476706160    0.476705070
   41.993622928    0.476704614    0.476705226
   42.124037906    0.476706334    0.476705279
   42.254452884    0.476704719    0.476705410
   42.384867862    0.476706456    0.476705440
   42.515282840    0.476704817    0.476705552
   42.645697818    0.476706535    0.476705564
   42.776112796    0.476704914    0.476705661
   42.906527774    0.476706575    0.476705662
   43.036942752    0.476705014    0.476705746
   43.167357730    0.476706583    0.476705739
   43.297772708    0.476705122    0.476705812
   43.428187686    0.476706562    0.476705801
   43.558602664    0.476705237    0.476705864
   43.689017642    0.476706517    0.476705852
   43.819432620    0.476705361    0.476705905
   43.949847598    0.476706452    0.476705893
   44.080262576    0.476705492    0.476705937
   44.210677555    0.476706369    0.476705928
   44.341092533    0.476705629    0.476705963
   44.471507511    0.476706273    0.476705958
   44.601922489    0.476705771    0.476705983
   44.732337467    0.476706166    0.476705983
   44.862752445    0.476705914    0.476705999
   44.993167423    0.476706053    0.476706004
   45.123582401    0.476706057    0.476782892
   45.253997379    0.476705937    0.476987914
   45.384412357    0.476706198    0.477321057
   45.514827335    0.476705821    0.477782350
   45.645242313    0.476706332    0.478371751
   45.775657291    0.476705708    0.479089314
   45.906072269    0.476706458    0.479934971
   46.036487247    0.476705602    0.480908805
   46.166902225    0.476706573    0.482010720
   46.297317203    0.476705504    0.483163943
   46.427732181    0.476706674    0.484317105
   46.558147159    0.478473646    0.485470333
   46.688562137    0.481422031    0.486623489
   46.818977115    0.484367663    0.487776721
