    0.000000000    0.484653511    0.484984098
    0.128177616    0.485257046    0.485220139
    0.256355232    0.485859972    0.485456178
    0.384532848    0.486463428    0.485692216
    0.512710464    0.487066437    0.485928251
    0.640888080    0.487669796    0.486164286
    0.769065696    0.487910974    0.486400318
    0.897243312    0.487911011    0.486636349
    1.025420928    0.487911009    0.486872378
    1.153598543    0.487910933    0.487092669
    1.281776159    0.487911035    0.487286732
    1.409953775    0.487910851    0.487454566
    1.538131391    0.487911050    0.487596172
    1.666309007    0.487910770    0.487711550
    1.794486623    0.487911049    0.487800699
    1.922664239    0.487910692    0.487863620
    2.050841855    0.487911029    0.487900313
    2.179019471    0.487910621    0.487910776
    2.307197087    0.487910989    0.487910748
    2.435374703    0.487910556    0.487910717
    2.563552319    0.487910926    0.487910685
    2.691729935    0.487910500    0.487910650
    2.819907551    0.487910840    0.487910614
    2.948085167    0.487910451    0.487910575
    3.076262783    0.487910733    0.487910535
    3.204440399    0.487910406    0.487910491
    3.332618014    0.487910606    0.487910446
    3.460795630    0.487910364    0.487910397
    3.588973246    0.487910461    0.487910347
    3.717150862    0.487910320    0.487910293
    3.845328478    0.487910301    0.487910238
    3.973506094    0.487910270    0.487910178
    4.101683710    0.487910130    0.487910115
    4.229861326    0.487910206    0.487910048
    4.358038942    0.487909950    0.487909978
    4.486216558    0.487910125    0.487909903
    4.614394174    0.487909763    0.487909823
    4.742571790    0.487910020    0.487909737
    4.870749406    0.487909572    0.487909646
    4.998927022    0.487909884    0.487909548
    5.127104638    0.487909375    0.487909442
    5.255282254    0.487909712    0.487909328
    5.383459870    0.487909171    0.487909204
    5.511637486    0.487909496    0.487909069
    5.639815101    0.487908952    0.487908920
    5.767992717    0.487909230    0.487908759
    5.896170333    0.487908712    0.487908578
    6.024347949    0.487908905    0.487908381
    6.152525565    0.487908437    0.487908158
    6.280703181    0.487908508    0.487907913
    6.408880797    0.487908106    0.487907634
    6.537058413    0.487908025    0.487907324
    6.665236029    0.487907697    0.487906969
    6.793413645    0.487907435    0.487906571
    6.921591261    0.487907174    0.487906113
    7.049768877    0.487906706    0.487905595
    7.177946493    0.487906490    0.487904998
    7.306124109    0.487905796    0.487904316
    7.434301725    0.487905585    0.487903531
    7.562479341    0.487904644    0.487902640
    7.690656957    0.487904376    0.487901618
    7.818834572    0.487903160    0.487900444
    7.947012188    0.487902747    0.487899086
    8.075189804    0.487901220    0.487897511
    8.203367420    0.487900550    0.487895680
    8.331545036    0.487898656    0.487893543
    8.459722652    0.487897576    0.487891048
    8.587900268    0.487895223    0.487888124
    8.716077884    0.487893536    0.487884702
    8.844255500    0.487890649    0.487880681
    8.972433116    0.487888423    0.487875965
    9.100610732    0.487884927    0.487870414
    9.228788348    0.487881503    0.487863895
    9.356965964    0.487876878    0.487856215
    9.485143580    0.487871805    0.487847186
    9.613321196    0.487865582    0.487836546
    9.741498812    0.487858272    0.487824027
    9.869676428    0.487849796    0.487809272
    9.997854043    0.487839455    0.487791904
   10.126031659    0.487827788    0.487771438
   10.254209275    0.487813307    0.487747344
   10.382386891    0.487797119    0.487718962
   10.510564507    0.487776972    0.487685538
   10.638742123    0.487754429    0.487646179
   10.766919739    0.487726525    0.487599854
   10.895097355    0.487695083    0.487545347
   11.023274971    0.487656501    0.487481243
   11.151452587    0.487612613    0.487405889
   11.279630203    0.487559297    0.487317348
   11.407807819    0.487498106    0.487213381
   11.535985435    0.487424507    0.487091349
   11.664163051    0.487339386    0.486948237
   11.792340667    0.487237853    0.486780488
   11.920518283    0.487119681    0.486584025
   12.048695899    0.486979665    0.486354048
   12.176873515    0.486816027    0.486085066
   12.305051130    0.486623223    0.485770618
   12.433228746    0.486397396    0.485403313
   12.561406362    0.486132454    0.484974479
   12.689583978    0.485821829    0.484474172
   12.817761594    0.485458548    0.483890744
   12.945939210    0.485032729    0.483210784
   13.074116826    0.484536214    0.482418588
   13.202294442    0.483955072    0.481496012
   13.330472058    0.483278460    0.480421826
   13.458649674    0.482487511    0.479171407
   13.586827290    0.481567834    0.477715922
   13.715004906    0.480494237    0.476021749
   13.843182522    0.479247068    0.474049452
   13.971360138    0.477793306    0.471752871
   14.099537754    0.476105560    0.469077929
   14.227715370    0.474140446    0.465961338
   14.355892986    0.471859026    0.462329210
   14.484070601    0.469204008    0.458095190
   14.612248217    0.466120128    0.453158666
   14.740425833    0.462531586    0.447402048
   14.868603449    0.458360024    0.440688354
   14.996781065    0.453503528    0.432857147
   15.124958681    0.447850032    0.423720920
   15.253136297    0.441260410    0.413058660
   15.381313913    0.433576035    0.400609711
   15.509491529    0.424608773    0.386063013
   15.637669145    0.414140249    0.369046174
   15.765846761    0.401919591    0.349107200
   15.894024377    0.387650268    0.325700317
   16.022201993    0.370996164    0.298171121
   16.150379609    0.351552867    0.265751638
   16.278557225    0.328863496    0.227544298
   16.406734841    0.302369745    0.182590192
   16.534912457    0.271434613    0.129948767
   16.663090072    0.235262259    0.068742349
   16.791267688    0.192921247   -0.001598488
   16.919445304    0.143219240   -0.081056927
   17.047622920    0.084718256   -0.168825299
   17.175800536    0.015544053   -0.263290420
   17.303978152   -0.066499283   -0.362237802
   17.432155768   -0.163967505   -0.463059552
   17.560333384   -0.279527980   -0.562933253
   17.688511000   -0.416237225   -0.659039497
   17.816688616   -0.575584412   -0.748773346
   17.944866232   -0.757249253   -0.829911797
   18.073043848   -0.959897576   -0.900823299
   18.201221464   -1.176578848   -0.960645798
   18.329399080   -1.393968059   -1.009239094
   18.457576696   -1.594063785   -1.046968215
   18.585754312   -1.758557535   -1.074421668
   18.713931928   -1.873870205   -1.092183338
   18.842109544   -1.931249966   -1.100794531
   18.970287159   -1.926098973   -1.100650084
   19.098464775   -1.858890732   -1.091944240
   19.226642391   -1.735015045   -1.074671404
   19.354820007   -1.563814607   -1.048700298
   19.482997623   -1.359529951   -1.013869852
   19.611175239   -1.140655218   -0.970050339
   19.739352855   -0.924724564   -0.917411454
   19.867530471   -0.724550535   -0.856717513
   19.995708087   -0.546711155   -0.789554853
   20.123885703   -0.392974357   -0.718359334
   20.252063319   -0.264556723   -0.646224855
   20.380240935   -0.160645239   -0.576702282
   20.508418551   -0.079293564   -0.513617465
   20.636596167   -0.018961985   -0.460749058
   20.764773783    0.021751014   -0.421584091
   20.892951399    0.043851014   -0.399030949
   21.021129015    0.047951226   -0.394927641
   21.149306630    0.034115505   -0.409619843
   21.277484246    0.001992572   -0.441867362
   21.405661862   -0.049322587   -0.489152966
   21.533839478   -0.121060619   -0.548181001
   21.662017094   -0.214777166   -0.615271286
   21.790194710   -0.332230804   -0.686575428
   21.918372326   -0.475148182   -0.758396124
   22.046549942   -0.642917364   -0.827428381
   22.174727558   -0.834220815   -0.890927479
   22.302905174   -1.045092330   -0.946930407
   22.431082790   -1.265153867   -0.994344253
   22.559260406   -1.478575854   -1.032792688
   22.687438022   -1.666417517   -1.062356339
   22.815615638   -1.812119414   -1.083273034
   22.943793254   -1.904355975   -1.095799870
   23.071970870   -1.936050894   -1.100165312
   23.200148486   -1.904552008   -1.096455825
   23.328326101   -1.812521235   -1.084603053
   23.456503717   -1.667035479   -1.064397528
   23.584681333   -1.479441251   -1.035602254
   23.712858949   -1.266316317   -0.998002024
   23.841036565   -1.046667440   -0.951541216
   23.969214181   -0.836362779   -0.896626860
   24.097391797   -0.645848475   -0.834390233
   24.225569413   -0.479091410   -0.766853688
   24.353747029   -0.337439810   -0.696864083
   24.481924645   -0.221465788   -0.627897884
   24.610102261   -0.129458967   -0.563845073
   24.738279877   -0.059617040   -0.508719085
   24.866457493   -0.010421108   -0.466296524
   24.994635109    0.019373920   -0.439632097
   25.122812725    0.030584479   -0.430671332
   25.250990341    0.023506262   -0.439970438
   25.379167957   -0.002123691   -0.466548203
   25.507345573   -0.047133415   -0.508108474
   25.635523188   -0.113077001   -0.561370780
   25.763700804   -0.202358498   -0.622585700
   25.891878420   -0.318133394   -0.687982208
   26.020056036   -0.462836236   -0.754052610
   26.148233652   -0.636654286   -0.817820716
   26.276411268   -0.836802328   -0.877007668
   26.404588884   -1.053753657   -0.930057877
   26.532766500   -1.273343667   -0.976025881
   26.660944116   -1.480195735   -1.014444047
   26.789121732   -1.657956035   -1.045149401
   26.917299348   -1.792249013   -1.068127625
   27.045476964   -1.870881525   -1.083326840
   27.173654580   -1.887034567   -1.090512416
   27.301832196   -1.841559493   -1.089231697
   27.430009812   -1.741085024   -1.078869552
   27.558187428   -1.596125417   -1.058699996
   27.686365044   -1.420916924   -1.027943932
   27.814542659   -1.230575922   -0.985898266
   27.942720275   -1.037890182   -0.932215276
   28.070897891   -0.853033326   -0.867105753
   28.199075507   -0.682716879   -0.791396827
   28.327253123   -0.530622842   -0.706585236
   28.455430739   -0.396715370   -0.614757804
   28.583608355   -0.278345245   -0.518502885
   28.711785971   -0.172901960   -0.420681065
   28.839963587   -0.079804053   -0.324095357
   28.968141203    0.001063535   -0.231243201
   29.096318819    0.070735194   -0.144149612
   29.224496435    0.130247989   -0.064207904
   29.352674051    0.180955115    0.007857383
   29.480851667    0.224175356    0.071887035
   29.609029283    0.261109570    0.128172828
   29.737206899    0.292710563    0.177305094
   29.865384515    0.319781917    0.220040673
   29.993562130    0.342981604    0.257139659
   30.121739746    0.362867301    0.289251672
   30.249917362    0.379911781    0.316916240
   30.378094978    0.394514576    0.340651057
   30.506272594    0.407027117    0.360971250
   30.634450210    0.417742375    0.378349505
   30.762627826    0.426925677    0.393215203
   30.890805442    0.434791808    0.405940746
   31.018983058    0.441539912    0.416842532
   31.147160674    0.447325239    0.426186088
   31.275338290    0.452295487    0.434196537
   31.403515906    0.456561292    0.441065017
   31.531693522    0.460231061    0.446954871
   31.659871138    0.463383111    0.452005852
   31.788048754    0.466096732    0.456337829
   31.916226370    0.468427969    0.460053733
   32.044403986    0.470435057    0.463241763
   32.172581602    0.472159048    0.465977643
   32.300759217    0.473642605    0.468326030
   32.428936833    0.474916440    0.470342387
   32.557114449    0.476011344    0.472073920
   32.685292065    0.476950905    0.473561146
   32.813469681    0.477756947    0.474838498
   32.941647297    0.478448254    0.475935606
   33.069824913    0.479039862    0.476877667
   33.198002529    0.479547241    0.477686454
   33.326180145    0.479980383    0.478380516
   33.454357761    0.480351811    0.478975940
   33.582535377    0.480667610    0.479486451
   33.710712993    0.480938574    0.479923968
   33.838890609    0.481168019    0.480298674
   33.967068225    0.481365175    0.480619414
   34.095245841    0.481531432    0.480893761
   34.223423457    0.481674575    0.481128286
   34.351601073    0.481794776    0.481328629
   34.479778688    0.481898465    0.481499665
   34.607956304    0.481985214    0.481645591
   34.736133920    0.482060159    0.481770006
   34.864311536    0.482122733    0.481876020
   34.992489152    0.482176792    0.481966289
   35.120666768    0.482221952    0.482043127
   35.248844384    0.482260831    0.482108484
   35.377022000    0.482293467    0.482164072
   35.505199616    0.482321319    0.482211311
   35.633377232    0.482344978    0.482251462
   35.761554848    0.482364844    0.482285556
   35.889732464    0.482382081    0.482314528
   36.017910080    0.482396164    0.482339123
   36.146087696    0.482408791    0.482360020
   36.274265312    0.482418690    0.482377759
   36.402442928    0.482427997    0.482392833
   36.530620544    0.482434890    0.482405630
   36.658798159    0.482441791    0.482416508
   36.786975775    0.482446542    0.482425746
   36.915153391    0.482451671    0.482433602
   37.043331007    0.482454913    0.482440281
   37.171508623    0.482458730    0.482445965
   37.299686239    0.482461137    0.482450805
   37.427863855    0.482464147    0.482454928
   37.556041471    0.482465852    0.482458446
   37.684219087    0.482468150    0.482461448
   37.812396703    0.482469439    0.482464018
   37.940574319    0.482471121    0.482466216
   38.068751935    0.482472129    0.482468107
   38.196929551    0.482473311    0.482469730
   38.325107167    0.482474163    0.482471135
   38.453284783    0.482474938    0.482472347
   38.581462399    0.482475714    0.482473406
   38.709640015    0.482476158    0.482474326
   38.837817631    0.482476906    0.482475129
   38.965995246    0.482477087    0.482475825
   39.094172862    0.482477828    0.482476438
   39.222350478    0.482477810    0.482476969
   39.350528094    0.482478546    0.482477437
   39.478705710    0.482478387    0.482477847
   39.606883326    0.482479107    0.482478210
   39.735060942    0.482478862    0.482478530
   39.863238558    0.482479545    0.482478815
   39.991416174    0.482479265    0.482479069
   40.119593790    0.482479888    0.482479297
   40.247771406    0.482479618    0.482479502
   40.375949022    0.482480156    0.482479687
   40.504126638    0.482479934    0.482479855
   40.632304254    0.482480366    0.482480007
   40.760481870    0.482480223    0.482480148
   40.888659486    0.482480531    0.482480276
   41.016837102    0.482480488    0.482480396
   41.145014717    0.482480664    0.482480504
   41.273192333    0.482480732    0.482480607
   41.401369949    0.482480775    0.482480701
   41.529547565    0.482480954    0.482480792
   41.657725181    0.482480872    0.482480874
   41.785902797    0.482481154    0.482480954
   41.914080413    0.482480962    0.482481027
   42.042258029    0.482481330    0.482481098
   42.170435645    0.482481050    0.482481163
   42.298613261    0.482481481    0.482481226
   42.426790877    0.482481141    0.482481285
   42.554968493    0.482481606    0.482481342
   42.683146109    0.482481238    0.482481396
   42.811323725    0.482481705    0.482481447
   42.939501341    0.482481341    0.482481495
   43.067678957    0.482481781    0.482481541
   43.195856573    0.482481451    0.482481585
   43.324034188    0.482481834    0.482481627
   43.452211804    0.482481566    0.482481667
   43.580389420    0.482481867    0.482481704
   43.708567036    0.482481684    0.482481740
   43.836744652    0.482481884    0.482481773
   43.964922268    0.482481801    0.482481805
   44.093099884    0.482481889    0.482481834
   44.221277500    0.482481913    0.482481863
   44.349455116    0.482481887    0.482497624
   44.477632732    0.482482018    0.482539612
   44.605810348    0.482481881    0.482607823
   44.733987964    0.482482109    0.482702261
   44.862165580    0.482481876    0.482822922
   44.990343196    0.482482185    0.482969809
   45.118520812    0.482481874    0.483142921
   45.246698428    0.482482243    0.483342258
   45.374876044    0.482481879    0.483567819
   45.503053660    0.482482280    0.483803870
   45.631231275    0.482481892    0.484039919
   45.759408891    0.482844223    0.484275967
   45.887586507    0.483447055    0.484512012
   46.015764123    0.484050645    0.484748056
