    0.000000000    0.469960961    0.470132548
    0.129220440    0.470274112    0.470255534
    0.258440880    0.470589514    0.470378490
    0.387661321    0.470902610    0.470501475
    0.516881761    0.471218035    0.470624429
    0.646102201    0.471531132    0.470747412
    0.775322641    0.471657969    0.470870364
    0.904543082    0.471656863    0.470993344
    1.033763522    0.471657908    0.471116295
    1.162983962    0.471656912    0.471231074
    1.292204402    0.471657819    0.471332164
    1.421424843    0.471656981    0.471419611
    1.550645283    0.471657704    0.471493374
    1.679865723    0.471657065    0.471553489
    1.809086163    0.471657568    0.471599926
    1.938306604    0.471657159    0.471632709
    2.067527044    0.471657416    0.471651820
    2.196747484    0.471657257    0.471657270
    2.325967924    0.471657254    0.471657253
    2.455188365    0.471657354    0.471657231
    2.584408805    0.471657088    0.471657214
    2.713629245    0.471657441    0.471657186
    2.842849685    0.471656922    0.471657169
    2.972070125    0.471657513    0.471657134
    3.101290566    0.471656764    0.471657117
    3.230511006    0.471657564    0.471657075
    3.359731446    0.471656616    0.471657055
    3.488951886    0.471657586    0.471657005
    3.618172327    0.471656482    0.471656981
    3.747392767    0.471657575    0.471656924
    3.876613207    0.471656365    0.471656894
    4.005833647    0.471657526    0.471656827
    4.135054088    0.471656264    0.471656788
    4.264274528    0.471657434    0.471656712
    4.393494968    0.471656176    0.471656660
    4.522715408    0.471657296    0.471656571
    4.651935849    0.471656099    0.471656502
    4.781156289    0.471657107    0.471656396
    4.910376729    0.471656023    0.471656305
    5.039597169    0.471656863    0.471656177
    5.168817610    0.471655938    0.471656056
    5.298038050    0.471656559    0.471655899
    5.427258490    0.471655830    0.471655737
    5.556478930    0.471656187    0.471655541
    5.685699370    0.471655679    0.471655324
    5.814919811    0.471655734    0.471655074
    5.944140251    0.471655457    0.471654785
    6.073360691    0.471655184    0.471654459
    6.202581131    0.471655133    0.471654073
    6.331801572    0.471654511    0.471653642
    6.461022012    0.471654660    0.471653127
    6.590242452    0.471653677    0.471652552
    6.719462892    0.471653981    0.471651860
    6.848683333    0.471652627    0.471651085
    6.977903773    0.471653017    0.471650153
    7.107124213    0.471651285    0.471649104
    7.236344653    0.471651667    0.471647845
    7.365565094    0.471649540    0.471646417
    7.494785534    0.471649790    0.471644719
    7.624005974    0.471647237    0.471642790
    7.753226414    0.471647197    0.471640508
    7.882446855    0.471644163    0.471637892
    8.011667295    0.471643632    0.471634799
    8.140887735    0.471640022    0.471631227
    8.270108175    0.471638744    0.471627012
    8.399328615    0.471634399    0.471622116
    8.528549056    0.471632048    0.471616348
    8.657769496    0.471626728    0.471609622
    8.786989936    0.471622895    0.471601713
    8.916210376    0.471616397    0.471592464
    9.045430817    0.471610827    0.471581605
    9.174651257    0.471602635    0.471568889
    9.303871697    0.471594338    0.471553977
    9.433092137    0.471583531    0.471536505
    9.562312578    0.471571518    0.471516039
    9.691533018    0.471557037    0.471492061
    9.820753458    0.471540009    0.471464006
    9.949973898    0.471520374    0.471431157
   10.079194339    0.471496576    0.471392766
   10.208414779    0.471469750    0.471347863
   10.337635219    0.471436820    0.471295450
   10.466855659    0.471400027    0.471234222
   10.596076100    0.471354768    0.471162841
   10.725296540    0.471304226    0.471079588
   10.854516980    0.471242311    0.470982684
   10.983737420    0.471172913    0.470869869
   11.112957861    0.471088535    0.470738770
   11.242178301    0.470993463    0.470586430
   11.371398741    0.470878880    0.470409694
   11.500619181    0.470749062    0.470204700
   11.629839621    0.470593963    0.469967266
   11.759060062    0.470417387    0.469692354
   11.888280502    0.470208158    0.469374434
   12.017500942    0.469969060    0.469006930
   12.146721382    0.469687818    0.468582519
   12.275941823    0.469365538    0.468092599
   12.405162263    0.468988789    0.467527491
   12.534382703    0.468556254    0.466875912
   12.663603143    0.468053209    0.466125042
   12.792823584    0.467475077    0.465260020
   12.922044024    0.466805509    0.464263819
   13.051264464    0.466035600    0.463116771
   13.180484904    0.465146773    0.461796193
   13.309705345    0.464124660    0.460275903
   13.438925785    0.462947427    0.458525540
   13.568146225    0.461593324    0.456510072
   13.697366665    0.460036073    0.454188787
   13.826587106    0.458244813    0.451514841
   13.955807546    0.456186605    0.448433940
   14.085027986    0.453818534    0.444883917
   14.214248426    0.451097950    0.440792993
   14.343468866    0.447966265    0.436079224
   14.472689307    0.444366952    0.430648107
   14.601909747    0.440220653    0.424391669
   14.731130187    0.435450716    0.417185176
   14.860350627    0.429949829    0.408885591
   14.989571068    0.423613297    0.399326949
   15.118791508    0.416298257    0.388317478
   15.248011948    0.407864776    0.375632424
   15.377232388    0.398128061    0.361008056
   15.506452829    0.386905726    0.344129431
   15.635673269    0.373961958    0.324617790
   15.764893709    0.359058389    0.302008192
   15.894114149    0.341889810    0.275723373
   16.023334590    0.322137527    0.245038992
   16.152555030    0.299397454    0.209066220
   16.281775470    0.273234185    0.166748555
   16.410995910    0.243098677    0.116949098
   16.540216351    0.208375472    0.058586660
   16.669436791    0.168279838   -0.009255221
   16.798657231    0.121884350   -0.087041192
   16.927877671    0.067978229   -0.174528560
   17.057098111    0.005050805   -0.270660044
   17.186318552   -0.068922821   -0.373575452
   17.315538992   -0.156584562   -0.480782281
   17.444759432   -0.261373819   -0.589360419
   17.573979872   -0.387153096   -0.696184992
   17.703200313   -0.537855580   -0.798184364
   17.832420753   -0.715437673   -0.892584093
   17.961641193   -0.918722786   -0.977111690
   18.090861633   -1.144065012   -1.050195434
   18.220082074   -1.381212555   -1.111053679
   18.349302514   -1.614081388   -1.159632561
   18.478522954   -1.824118416   -1.196427453
   18.607743394   -1.993092434   -1.222165830
   18.736963835   -2.106698673   -1.237607089
   18.866184275   -2.155407366   -1.243420760
   18.995404715   -2.134827635   -1.240017470
   19.124625155   -2.046588105   -1.227508883
   19.253845596   -1.897959592   -1.205713290
   19.383066036   -1.701036051   -1.174274047
   19.512286476   -1.472550641   -1.132824417
   19.641506916   -1.231459803   -1.081124494
   19.770727356   -0.995429926   -1.019365874
   19.899947797   -0.778304295   -0.948448129
   20.029168237   -0.586931870   -0.870103170
   20.158388677   -0.424071774   -0.786909663
   20.287609117   -0.290298997   -0.702150271
   20.416829558   -0.183098140   -0.619639735
   20.546049998   -0.099455596   -0.543514399
   20.675270438   -0.036556935   -0.477965823
   20.804490878    0.007664909   -0.426881946
   20.933711319    0.034618694   -0.393523014
   21.062931759    0.045033225   -0.380186485
   21.192152199    0.039235699   -0.387805671
   21.321372639    0.017026759   -0.415799457
   21.450593080   -0.022184366   -0.462157612
   21.579813520   -0.079641774   -0.523801297
   21.709033960   -0.157232664   -0.596952120
   21.838254400   -0.257665033   -0.677436899
   21.967474841   -0.383944911   -0.761058336
   22.096695281   -0.538970845   -0.843884179
   22.225915721   -0.723030412   -0.922474797
   22.355136161   -0.933780633   -0.994060849
   22.484356601   -1.165810468   -1.056705670
   22.613577042   -1.406701079   -1.109332761
   22.742797482   -1.639287013   -1.151626865
   22.872017922   -1.844541857   -1.183805554
   23.001238362   -2.004736623   -1.206296703
   23.130458803   -2.106540696   -1.219577798
   23.259679243   -2.141448924   -1.224032461
   23.388899683   -2.106391183   -1.219802578
   23.518120123   -2.004449996   -1.206769217
   23.647340564   -1.844141132   -1.184571954
   23.776561004   -1.638814288   -1.152756497
   23.905781444   -1.406212193   -1.110919350
   24.035001884   -1.165389859   -1.058868074
   24.164222325   -0.933528694   -0.996946283
   24.293442765   -0.723083108   -0.926261646
   24.422663205   -0.539480790   -0.848789170
   24.551883645   -0.385106948   -0.767344048
   24.681104086   -0.259689910   -0.685426242
   24.810324526   -0.160377741   -0.607040644
   24.939544966   -0.084177590   -0.536469010
   25.068765406   -0.028433814   -0.477935765
   25.197985846    0.008725107   -0.435220291
   25.327206287    0.028473753   -0.411327482
   25.456426727    0.031368880   -0.408047326
   25.585647167    0.017500111   -0.425644474
   25.714867607   -0.013540368   -0.462811040
   25.844088048   -0.062674908   -0.516882900
   25.973308488   -0.131498809   -0.584323788
   26.102528928   -0.222431166   -0.661063745
   26.231749368   -0.338580174   -0.742841454
   26.360969809   -0.483243595   -0.825578057
   26.490190249   -0.658185360   -0.905626363
   26.619410689   -0.861685225   -0.979966444
   26.748631129   -1.089279674   -1.046369877
   26.877851570   -1.330768609   -1.103452617
   27.007072010   -1.570124276   -1.150604174
   27.136292450   -1.788359697   -1.187817120
   27.265512890   -1.966735894   -1.215363397
   27.394733331   -2.090621216   -1.233562775
   27.523953771   -2.150125963   -1.242670806
   27.653174211   -2.140577224   -1.242723829
   27.782394651   -2.063319604   -1.233464997
   27.911615092   -1.925288614   -1.214339310
   28.040835532   -1.738255685   -1.184580704
   28.170055972   -1.518553847   -1.143392517
   28.299276412   -1.284429277   -1.090093386
   28.428496852   -1.053116932   -1.024384404
   28.557717293   -0.838397640   -0.946616173
   28.686937733   -0.647104749   -0.857926724
   28.816158173   -0.481260593   -0.760237891
   28.945378613   -0.340983528   -0.656081968
   29.074599054   -0.223650700   -0.548399438
   29.203819494   -0.125627019   -0.440315597
   29.333039934   -0.043352794   -0.334881178
   29.462260374    0.026262571   -0.234831880
   29.591480815    0.085643083   -0.142379360
   29.720701255    0.136600318   -0.059015036
   29.849921695    0.180537993    0.014572537
   29.979142135    0.218545038    0.078451854
   30.108362576    0.251497628    0.133298136
   30.237583016    0.280107253    0.180089534
   30.366803456    0.304965011    0.219898028
   30.496023896    0.326572247    0.253805002
   30.625244337    0.345351099    0.282782319
   30.754464777    0.361672037    0.307646813
   30.883685217    0.375845251    0.329063987
   31.012905657    0.388152281    0.347567104
   31.142126097    0.398825594    0.363586678
   31.271346538    0.408084894    0.377475972
   31.400566978    0.416107361    0.389529257
   31.529787418    0.423066860    0.399994542
   31.659007858    0.429097396    0.409083309
   31.788228299    0.434334761    0.416976894
   31.917448739    0.438876890    0.423832142
   32.046669179    0.442827587    0.429784696
   32.175889619    0.446256340    0.434952748
   32.305110060    0.449242213    0.439438853
   32.434330500    0.451834263    0.443332739
   32.563550940    0.454093279    0.446712293
   32.692771380    0.456054074    0.449645750
   32.821991821    0.457763563    0.452192156
   32.951212261    0.459246586    0.454403138
   33.080432701    0.460539266    0.456323113
   33.209653141    0.461659715    0.457990811
   33.338873582    0.462635699    0.459439407
   33.468094022    0.463481000    0.460697838
   33.597314462    0.464216294    0.461790881
   33.726534902    0.464852456    0.462740219
   33.855755342    0.465404619    0.463564457
   33.984975783    0.465882030    0.464279918
   34.114196223    0.466295097    0.464900645
   34.243416663    0.466652246    0.465438969
   34.372637103    0.466959942    0.465905537
   34.501857544    0.467226293    0.466309684
   34.631077984    0.467454446    0.466659520
   34.760298424    0.467652472    0.466962123
   34.889518864    0.467820790    0.467223684
   35.018739305    0.467967587    0.467449557
   35.147959745    0.468091111    0.467644484
   35.277180185    0.468199677    0.467812513
   35.406400625    0.468289864    0.467957283
   35.535621066    0.468370014    0.468081843
   35.664841506    0.468435524    0.468188987
   35.794061946    0.468494615    0.468280998
   35.923282386    0.468541968    0.468360020
   36.052502827    0.468585495    0.468427751
   36.181723267    0.468619584    0.468485837
   36.310943707    0.468651617    0.468535542
   36.440164147    0.468676079    0.468578129
   36.569384587    0.468699606    0.468614513
   36.698605028    0.468717126    0.468645659
   36.827825468    0.468734338    0.468672232
   36.957045908    0.468746906    0.468694965
   37.086266348    0.468759411    0.468714338
   37.215486789    0.468768486    0.468730903
   37.344707229    0.468777457    0.468745011
   37.473927669    0.468784101    0.468757070
   37.603148109    0.468790432    0.468767338
   37.732368550    0.468795683    0.468776113
   37.861588990    0.468800278    0.468783589
   37.990809430    0.468804431    0.468789975
   38.120029870    0.468807470    0.468795425
   38.249250311    0.468810862    0.468800078
   38.378470751    0.468812706    0.468804061
   38.507691191    0.468815596    0.468807459
   38.636911631    0.468816529    0.468810384
   38.766132072    0.468819086    0.468812876
   38.895352512    0.468819336    0.468815038
   39.024572952    0.468821659    0.468816877
   39.153793392    0.468821412    0.468818490
   39.283013832    0.468823553    0.468819848
   39.412234273    0.468822966    0.468821043
   39.541454713    0.468824942    0.468822039
   39.670675153    0.468824148    0.468822928
   39.799895593    0.468825952    0.468823660
   39.929116034    0.468825066    0.468824325
   40.058336474    0.468826679    0.468824866
   40.187556914    0.468825797    0.468825366
   40.316777354    0.468827191    0.468825769
   40.445997795    0.468826395    0.468826147
   40.575218235    0.468827542    0.468826449
   40.704438675    0.468826898    0.468826738
   40.833659115    0.468827773    0.468826967
   40.962879556    0.468827332    0.468827188
   41.092099996    0.468827915    0.468827365
   41.221320436    0.468827711    0.468827534
   41.350540876    0.468827995    0.468827674
   41.479761317    0.468828046    0.468827805
   41.608981757    0.468828033    0.468827917
   41.738202197    0.468828342    0.468828018
   41.867422637    0.468828045    0.468828112
   41.996643077    0.468828602    0.468828189
   42.125863518    0.468828046    0.468828269
   42.255083958    0.468828825    0.468828328
   42.384304398    0.468828045    0.468828399
   42.513524838    0.468829012    0.468828443
   42.642745279    0.468828052    0.468828506
   42.771965719    0.468829161    0.468828540
   42.901186159    0.468828073    0.468828597
   43.030406599    0.468829273    0.468828622
   43.159627040    0.468828113    0.468828674
   43.288847480    0.468829347    0.468828692
   43.418067920    0.468828174    0.468828739
   43.547288360    0.468829384    0.468828753
   43.676508801    0.468828257    0.468828796
   43.805729241    0.468829387    0.468828807
   43.934949681    0.468828361    0.468828845
   44.064170121    0.468829359    0.468828854
   44.193390562    0.468828484    0.468828887
   44.322611002    0.468829304    0.468828896
   44.451831442    0.468828622    0.468828924
   44.581051882    0.468829226    0.468828932
   44.710272322    0.468828771    0.468837153
   44.839492763    0.468829132    0.468859024
   44.968713203    0.468828924    0.468894566
   45.097933643    0.468829027    0.468943765
   45.227154083    0.468829077    0.469006628
   45.356374524    0.468828919    0.469083155
   45.485594964    0.468829223    0.469173340
   45.614815404    0.468828812    0.469277195
   45.744035844    0.468829356    0.469394702
   45.873256285    0.468828714    0.469517687
   46.002476725    0.468829470    0.469640654
   46.131697165    0.469017185    0.469763640
   46.260917605    0.469332377    0.469886603
   46.390138046    0.469645638    0.470009590
