    0.000000000    0.512391381    0.512800780
    0.129222157    0.513138887    0.513092838
    0.258444313    0.513884111    0.513384919
    0.387666470    0.514631732    0.513676971
    0.516888627    0.515376864    0.513969050
    0.646110784    0.516124537    0.514261098
    0.775332940    0.516421805    0.514553173
    0.904555097    0.516423065    0.514845218
    1.033777254    0.516421813    0.515137290
    1.162999411    0.516422996    0.515409860
    1.292221567    0.516421846    0.515650004
    1.421443724    0.516422889    0.515857668
    1.550665881    0.516421899    0.516032902
    1.679888038    0.516422750    0.516175661
    1.809110194    0.516421968    0.516285985
    1.938332351    0.516422584    0.516363838
    2.067554508    0.516422048    0.516409251
    2.196776665    0.516422396    0.516422199
    2.325998821    0.516422131    0.516422173
    2.455220978    0.516422193    0.516422139
    2.584443135    0.516422211    0.516422105
    2.713665292    0.516421982    0.516422071
    2.842887448    0.516422279    0.516422029
    2.972109605    0.516421770    0.516421994
    3.101331762    0.516422329    0.516421945
    3.230553918    0.516421564    0.516421908
    3.359776075    0.516422354    0.516421851
    3.488998232    0.516421368    0.516421812
    3.618220389    0.516422346    0.516421747
    3.747442545    0.516421188    0.516421703
    3.876664702    0.516422302    0.516421631
    4.005886859    0.516421027    0.516421582
    4.135109016    0.516422215    0.516421501
    4.264331172    0.516420884    0.516421446
    4.393553329    0.516422084    0.516421356
    4.522775486    0.516420761    0.516421291
    4.651997643    0.516421905    0.516421192
    4.781219799    0.516420653    0.516421114
    4.910441956    0.516421678    0.516421003
    5.039664113    0.516420555    0.516420909
    5.168886270    0.516421402    0.516420785
    5.298108426    0.516420459    0.516420670
    5.427330583    0.516421076    0.516420527
    5.556552740    0.516420353    0.516420385
    5.685774897    0.516420698    0.516420218
    5.814997053    0.516420224    0.516420041
    5.944219210    0.516420265    0.516419840
    6.073441367    0.516420052    0.516419618
    6.202663523    0.516419769    0.516419372
    6.331885680    0.516419814    0.516419090
    6.461107837    0.516419201    0.516418782
    6.590329994    0.516419482    0.516418419
    6.719552150    0.516418542    0.516418024
    6.848774307    0.516419017    0.516417554
    6.977996464    0.516417761    0.516417040
    7.107218621    0.516418369    0.516416424
    7.236440777    0.516416816    0.516415745
    7.365662934    0.516417477    0.516414931
    7.494885091    0.516415644    0.516414028
    7.624107248    0.516416257    0.516412960
    7.753329404    0.516414153    0.516411766
    7.882551561    0.516414590    0.516410353
    8.011773718    0.516412212    0.516408747
    8.140995875    0.516412326    0.516406848
    8.270218031    0.516409644    0.516404664
    8.399440188    0.516409250    0.516402083
    8.528662345    0.516406192    0.516399087
    8.657884502    0.516405065    0.516395549
    8.787106658    0.516401508    0.516391416
    8.916328815    0.516399506    0.516386539
    9.045550972    0.516395490    0.516380816
    9.174773129    0.516392291    0.516374067
    9.303995285    0.516387316    0.516366127
    9.433217442    0.516382281    0.516356770
    9.562439599    0.516375805    0.516345743
    9.691661755    0.516368312    0.516332753
    9.820883912    0.516359641    0.516317434
    9.950106069    0.516348854    0.516299395
   10.079328226    0.516336996    0.516278122
   10.208550382    0.516321752    0.516253084
   10.337772539    0.516305305    0.516223571
   10.466994696    0.516284012    0.516188846
   10.596216853    0.516261048    0.516147936
   10.725439009    0.516231524    0.516099833
   10.854661166    0.516199378    0.516043231
   10.983883323    0.516158589    0.515976750
   11.113105480    0.516113561    0.515898636
   11.242327636    0.516057309    0.515807002
   11.371549793    0.515994355    0.515699498
   11.500771950    0.515916917    0.515573552
   11.629994107    0.515829186    0.515426031
   11.759216263    0.515722704    0.515253451
   11.888438420    0.515600831    0.515051649
   12.017660577    0.515454565    0.514815926
   12.146882734    0.515285928    0.514540723
   12.276104890    0.515085455    0.514219709
   12.405327047    0.514853216    0.513845464
   12.534549204    0.514579182    0.513409480
   12.663771360    0.514260731    0.512901852
   12.792993517    0.513887052    0.512311136
   12.922215674    0.513452108    0.511624045
   13.051437831    0.512943995    0.510825137
   13.180659987    0.512352430    0.509896495
   13.309882144    0.511663842    0.508817214
   13.439104301    0.510862385    0.507563016
   13.568326458    0.509931395    0.506105447
   13.697548614    0.508848184    0.504411337
   13.826770771    0.507591760    0.502441642
   13.955992928    0.506130957    0.500150694
   14.085215085    0.504438116    0.497484654
   14.214437241    0.502470840    0.494380496
   14.343659398    0.500191261    0.490763996
   14.472881555    0.497542017    0.486548233
   14.602103712    0.494470422    0.481630880
   14.731325868    0.490899249    0.475891870
   14.860548025    0.486754277    0.469189568
   14.989770182    0.481930468    0.461356947
   15.118992339    0.476321401    0.452195727
   15.248214495    0.469782486    0.441469618
   15.377436652    0.462161392    0.428894604
   15.506658809    0.453260261    0.414126728
   15.635880965    0.442865106    0.396745254
   15.765103122    0.430707545    0.376229975
   15.894325279    0.416489566    0.351929995
   16.023547436    0.399844866    0.323019686
   16.152769592    0.380355211    0.288443786
   16.281991749    0.357510904    0.246867937
   16.411213906    0.330712104    0.196671487
   16.540436063    0.299223335    0.136016157
   16.669658219    0.262147664    0.063077904
   16.798880376    0.218366450   -0.023541165
   16.928102533    0.166469796   -0.124320817
   17.057324690    0.104664225   -0.238415240
   17.186546846    0.030619417   -0.363518176
   17.315769003   -0.058708289   -0.496042488
   17.444991160   -0.167395085   -0.631489945
   17.574213317   -0.300775281   -0.764925190
   17.703435473   -0.465345261   -0.891550773
   17.832657630   -0.667764084   -1.007236816
   17.961879787   -0.913142121   -1.108935038
   18.091101944   -1.201258416   -1.194959224
   18.220324100   -1.522456105   -1.264998236
   18.349546257   -1.855770599   -1.319817630
   18.478768414   -2.170911460   -1.360781755
   18.607990570   -2.434502418   -1.389385475
   18.737212727   -2.617351645   -1.406917041
   18.866434884   -2.698801945   -1.414300160
   18.995657041   -2.669165755   -1.412031917
   19.124879197   -2.532033216   -1.400162996
   19.254101354   -2.303268074   -1.378305130
   19.383323511   -2.008347006   -1.345673779
   19.512545668   -1.679332947   -1.301194861
   19.641767824   -1.348749619   -1.243764306
   19.770989981   -1.042479606   -1.172683965
   19.900212138   -0.775705075   -1.088174310
   20.029434295   -0.553221330   -0.991805143
   20.158656451   -0.372606598   -0.886656334
   20.287878608   -0.228520045   -0.777173418
   20.417100765   -0.115225481   -0.668843663
   20.546322922   -0.027790112   -0.567778235
   20.675545078    0.037385673   -0.480178293
   20.804767235    0.082756991   -0.411800137
   20.933989392    0.109872981   -0.367443685
   21.063211549    0.119644360   -0.350396994
   21.192433705    0.112391730   -0.361983765
   21.321655862    0.087951457   -0.401374535
   21.450878019    0.045579400   -0.465702837
   21.580100176   -0.016079814   -0.550465694
   21.709322332   -0.099244585   -0.650075645
   21.838544489   -0.207217585   -0.758383915
   21.967766646   -0.344660901   -0.869199933
   22.096988802   -0.517234546   -0.976839801
   22.226210959   -0.730570484   -1.076571095
   22.355433116   -0.988148624   -1.164959184
   22.484655273   -1.287259041   -1.240067506
   22.613877429   -1.615245359   -1.301378418
   22.743099586   -1.948467311   -1.349420739
   22.872321743   -2.255256020   -1.385270349
   23.001543900   -2.502767055   -1.410095052
   23.130766056   -2.663635470   -1.424856985
   23.259988213   -2.719610257   -1.430184073
   23.389210370   -2.663993881   -1.426318789
   23.518432527   -2.503507085   -1.413105547
   23.647654683   -2.256434077   -1.390003313
   23.776876840   -1.950169070   -1.356138576
   23.906098997   -1.617618415   -1.310433902
   24.035321154   -1.290506619   -1.251910671
   24.164543310   -0.992581655   -1.180145732
   24.293765467   -0.736589580   -1.095781354
   24.422987624   -0.525388755   -1.000902888
   24.552209781   -0.355604284   -0.899137443
   24.681431937   -0.221767612   -0.795461436
   24.810654094   -0.118316057   -0.695855772
   24.939876251   -0.040756325   -0.606800893
   25.069098407    0.014116843   -0.534677702
   25.198320564    0.048318461   -0.485118822
   25.327542721    0.063058876   -0.462262554
   25.456764878    0.058775272   -0.468101994
   25.585987034    0.035348244   -0.502092682
   25.715209191   -0.008086627   -0.561271462
   25.844431348   -0.073051287   -0.640782825
   25.973653505   -0.162161824   -0.734590003
   26.102875661   -0.279087322   -0.836179816
   26.232097818   -0.428679969   -0.939196384
   26.361319975   -0.615731675   -1.038015183
   26.490542132   -0.844673683   -1.128159329
   26.619764288   -1.116579833   -1.206620814
   26.748986445   -1.424474922   -1.271962551
   26.878208602   -1.751925532   -1.324087243
   27.007430759   -2.072292430   -1.363775054
   27.136652915   -2.353693614   -1.392127828
   27.265875072   -2.565350917   -1.410161562
   27.395097229   -2.682953855   -1.418567922
   27.524319386   -2.692169989   -1.417596858
   27.653541542   -2.591148677   -1.407057571
   27.782763699   -2.391148434   -1.386323767
   27.911985856   -2.114071677   -1.354397312
   28.041208012   -1.790497304   -1.309960586
   28.170430169   -1.454541485   -1.251555942
   28.299652326   -1.135809043   -1.177953583
   28.428874483   -0.854044379   -1.088581706
   28.558096639   -0.616765558   -0.983979255
   28.687318796   -0.422862518   -0.866035308
   28.816540953   -0.266397576   -0.737945730
   28.945763110   -0.139827334   -0.603939125
   29.074985266   -0.036683740   -0.468845527
   29.204207423    0.048197540   -0.337558364
   29.333429580    0.118576781   -0.214466116
   29.462651737    0.177371020   -0.102992628
   29.591873893    0.226726986   -0.005221156
   29.721096050    0.268379320    0.078257423
   29.850318207    0.303627654    0.148147262
   29.979540364    0.333563933    0.206017646
   30.108762520    0.359017159    0.253770177
   30.237984677    0.380709391    0.293263136
   30.367206834    0.399198051    0.326100319
   30.496428991    0.414982772    0.353561284
   30.625651147    0.428456059    0.376646818
   30.754873304    0.439973272    0.396136094
   30.884095461    0.449818563    0.412646380
   31.013317617    0.458246537    0.426670450
   31.142539774    0.465465845    0.438608713
   31.271761931    0.471657242    0.448788057
   31.400984088    0.476974455    0.457479413
   31.530206244    0.481542668    0.464907802
   31.659428401    0.485475537    0.471262474
   31.788650558    0.488857615    0.476702587
   31.917872715    0.491774860    0.481363156
   32.047094871    0.494283553    0.485358537
   32.176317028    0.496450891    0.488786009
   32.305539185    0.498313353    0.491728254
   32.434761342    0.499924628    0.494255555
   32.563983498    0.501307048    0.496427793
   32.693205655    0.502504233    0.498295736
   32.822427812    0.503528830    0.499902784
   32.951649969    0.504416872    0.501285645
   33.080872125    0.505174630    0.502475910
   33.210094282    0.505831981    0.503500277
   33.339316439    0.506391134    0.504381946
   33.468538596    0.506876533    0.505140491
   33.597760752    0.507287926    0.505793085
   33.726982909    0.507644906    0.506354159
   33.856205066    0.507946497    0.506836482
   33.985427223    0.508208006    0.507250736
   34.114649379    0.508428538    0.507606460
   34.243871536    0.508619337    0.507911593
   34.373093693    0.508780247    0.508173279
   34.502315849    0.508918766    0.508397439
   34.631538006    0.509035979    0.508589414
   34.760760163    0.509135997    0.508753617
   34.889982320    0.509221400    0.508894026
   35.019204476    0.509293225    0.509013939
   35.148426633    0.509355580    0.509116310
   35.277648790    0.509406803    0.509203620
   35.406870947    0.509452471    0.509278044
   35.536093103    0.509488677    0.509341445
   35.665315260    0.509522292    0.509395404
   35.794537417    0.509547627    0.509441328
   35.923759574    0.509572545    0.509480352
   36.052981730    0.509590050    0.509513547
   36.182203887    0.509608650    0.509541722
   36.311426044    0.509620550    0.509565699
   36.440648201    0.509634524    0.509586022
   36.569870357    0.509642470    0.509603328
   36.699092514    0.509653028    0.509617976
   36.828314671    0.509658244    0.509630462
   36.957536828    0.509666228    0.509641017
   37.086758984    0.509669602    0.509650030
   37.215981141    0.509675596    0.509657641
   37.345203298    0.509677785    0.509664155
   37.474425454    0.509682266    0.509669650
   37.603647611    0.509683997    0.509674367
   37.732869768    0.509687456    0.509678347
   37.862091925    0.509688849    0.509681774
   37.991314081    0.509691243    0.509684671
   38.120536238    0.509692486    0.509687173
   38.249758395    0.509693985    0.509689297
   38.378980552    0.509695236    0.509691138
   38.508202708    0.509695982    0.509692712
   38.637424865    0.509697335    0.509694079
   38.766647022    0.509697449    0.509695264
   38.895869179    0.509698945    0.509696293
   39.025091335    0.509698541    0.509697202
   39.154313492    0.509700184    0.509697978
   39.283535649    0.509699374    0.509698670
   39.412757806    0.509701142    0.509699252
   39.541979962    0.509700033    0.509699785
   39.671202119    0.509701878    0.509700225
   39.800424276    0.509700574    0.509700642
   39.929646433    0.509702436    0.509700978
   40.058868589    0.509701041    0.509701310
   40.188090746    0.509702853    0.509701570
   40.317312903    0.509701462    0.509701838
   40.446535059    0.509703156    0.509702043
   40.575757216    0.509701858    0.509702263
   40.704979373    0.509703366    0.509702427
   40.834201530    0.509702237    0.509702610
   40.963423686    0.509703501    0.509702745
   41.092645843    0.509702606    0.509702899
   41.221868000    0.509703579    0.509703013
   41.351090157    0.509702966    0.509703144
   41.480312313    0.509703614    0.509703243
   41.609534470    0.509703314    0.509703354
   41.738756627    0.509703619    0.509703443
   41.867978784    0.509703648    0.509703537
   41.997200940    0.509703608    0.509703618
   42.126423097    0.509703961    0.509703698
   42.255645254    0.509703589    0.509703774
   42.384867411    0.509704247    0.509703842
   42.514089567    0.509703575    0.509703914
   42.643311724    0.509704501    0.509703971
   42.772533881    0.509703572    0.509704040
   42.901756038    0.509704719    0.509704088
   43.030978194    0.509703588    0.509704154
   43.160200351    0.509704897    0.509704193
   43.289422508    0.509703627    0.509704257
   43.418644664    0.509705032    0.509704289
   43.547866821    0.509703693    0.509704350
   43.677088978    0.509705123    0.509704377
   43.806311135    0.509703786    0.509704433
   43.935533291    0.509705170    0.509704456
   44.064755448    0.509703906    0.509704508
   44.193977605    0.509705177    0.509704527
   44.323199762    0.509704049    0.509704574
   44.452421918    0.509705147    0.509704591
   44.581644075    0.509704213    0.509704632
   44.710866232    0.509705085    0.509724119
   44.840088389    0.509704391    0.509776078
   44.969310545    0.509704998    0.509860468
   45.098532702    0.509704577    0.509977324
   45.227754859    0.509704892    0.510126618
   45.356977016    0.509704763    0.510308371
   45.486199172    0.509704775    0.510522570
   45.615421329    0.509704943    0.510769220
   45.744643486    0.509704656    0.511048323
   45.873865643    0.509705108    0.511340399
   46.003087799    0.509704540    0.511632482
   46.132309956    0.510153092    0.511924552
   46.261532113    0.510898673    0.512216635
   46.390754269    0.511646006    0.512508698
