    0.000000000    0.389609624    0.390733487
    0.128549698    0.391661206    0.391535802
    0.257099395    0.393710444    0.392338122
    0.385649093    0.395761836    0.393140437
    0.514198791    0.397811300    0.393942755
    0.642748489    0.399862430    0.394745070
    0.771298186    0.400681962    0.395547387
    0.899847884    0.400682411    0.396349702
    1.028397582    0.400682128    0.397152017
    1.156947280    0.400682229    0.397900844
    1.285496977    0.400682299    0.398560522
    1.414046675    0.400682045    0.399131056
    1.542596373    0.400682464    0.399612440
    1.671146071    0.400681869    0.400004681
    1.799695768    0.400682610    0.400307770
    1.928245466    0.400681713    0.400521718
    2.056795164    0.400682727    0.400646512
    2.185344862    0.400681586    0.400682166
    2.313894559    0.400682806    0.400682154
    2.442444257    0.400681497    0.400682148
    2.570993955    0.400682839    0.400682133
    2.699543653    0.400681451    0.400682125
    2.828093350    0.400682822    0.400682109
    2.956643048    0.400681448    0.400682098
    3.085192746    0.400682754    0.400682079
    3.213742444    0.400681488    0.400682065
    3.342292141    0.400682636    0.400682044
    3.470841839    0.400681565    0.400682024
    3.599391537    0.400682473    0.400682001
    3.727941235    0.400681672    0.400681975
    3.856490932    0.400682272    0.400681947
    3.985040630    0.400681797    0.400681914
    4.113590328    0.400682041    0.400681881
    4.242140026    0.400681927    0.400681839
    4.370689723    0.400681790    0.400681797
    4.499239421    0.400682045    0.400681743
    4.627789119    0.400681528    0.400681690
    4.756338816    0.400682136    0.400681622
    4.884888514    0.400681262    0.400681553
    5.013438212    0.400682182    0.400681466
    5.141987910    0.400680999    0.400681376
    5.270537607    0.400682164    0.400681264
    5.399087305    0.400680740    0.400681145
    5.527637003    0.400682063    0.400681000
    5.656186701    0.400680481    0.400680843
    5.784736398    0.400681861    0.400680654
    5.913286096    0.400680212    0.400680444
    6.041835794    0.400681535    0.400680196
    6.170385492    0.400679912    0.400679916
    6.298935189    0.400681062    0.400679589
    6.427484887    0.400679551    0.400679213
    6.556034585    0.400680414    0.400678778
    6.684584283    0.400679086    0.400678273
    6.813133980    0.400679552    0.400677693
    6.941683678    0.400678456    0.400677015
    7.070233376    0.400678426    0.400676235
    7.198783074    0.400677577    0.400675323
    7.327332771    0.400676967    0.400674273
    7.455882469    0.400676344    0.400673043
    7.584432167    0.400675077    0.400671631
    7.712981865    0.400674610    0.400670003
    7.841531562    0.400672617    0.400668144
    7.970081260    0.400672181    0.400665981
    8.098630958    0.400669396    0.400663488
    8.227180656    0.400668806    0.400660571
    8.355730353    0.400665146    0.400657187
    8.484280051    0.400664143    0.400653222
    8.612829749    0.400659491    0.400648604
    8.741379446    0.400657727    0.400643192
    8.869929144    0.400651913    0.400636875
    8.998478842    0.400649054    0.400629475
    9.127028540    0.400642462    0.400620826
    9.255578237    0.400638324    0.400610704
    9.384127935    0.400629799    0.400598866
    9.512677633    0.400623067    0.400585023
    9.641227331    0.400611997    0.400568834
    9.769777028    0.400601725    0.400549916
    9.898326726    0.400587258    0.400527793
   10.026876424    0.400572216    0.400501962
   10.155426122    0.400553108    0.400471782
   10.283975819    0.400531665    0.400436569
   10.412525517    0.400506153    0.400395457
   10.541075215    0.400476148    0.400347525
   10.669624913    0.400441794    0.400291594
   10.798174610    0.400400351    0.400226433
   10.926724308    0.400353798    0.400150512
   11.055274006    0.400297040    0.400062179
   11.183823704    0.400233682    0.399959415
   11.312373401    0.400156317    0.399840006
   11.440923099    0.400070039    0.399701293
   11.569472797    0.399965353    0.399540320
   11.698022495    0.399847815    0.399353595
   11.826572192    0.399706343    0.399137193
   11.955121890    0.399546624    0.398886549
   12.083671588    0.399356045    0.398596443
   12.212221286    0.399139614    0.398260837
   12.340770983    0.398883619    0.397872808
   12.469320681    0.398591408    0.397424404
   12.597870379    0.398248435    0.396906453
   12.726420077    0.397855316    0.396308455
   12.854969774    0.397396860    0.395618238
   12.983519472    0.396869840    0.394821863
   13.112069170    0.396258436    0.393903110
   13.240618867    0.395554407    0.392843410
   13.369168565    0.394741345    0.391621084
   13.497718263    0.393803707    0.390211239
   13.626267961    0.392722854    0.388584742
   13.754817658    0.391475690    0.386708004
   13.883367356    0.390040503    0.384541665
   14.011917054    0.388384176    0.382040255
   14.140466752    0.386479731    0.379150631
   14.269016449    0.384281320    0.375811476
   14.397566147    0.381753401    0.371951427
   14.526115845    0.378834046    0.367488228
   14.654665543    0.375474701    0.362326403
   14.783215240    0.371592843    0.356355723
   14.911764938    0.367120190    0.349448081
   15.040314636    0.361946635    0.341454777
   15.168864334    0.355974631    0.332201981
   15.297414031    0.349057812    0.321485729
   15.425963729    0.341058991    0.309064765
   15.554513427    0.331787081    0.294652175
   15.683063125    0.321054738    0.277909189
   15.811612822    0.308615754    0.258440521
   15.940162520    0.294216256    0.235789566
   16.068712218    0.277536459    0.209441879
   16.197261916    0.258228762    0.178853129
   16.325811613    0.235865584    0.143497459
   16.454361311    0.209957719    0.102989880
   16.582911009    0.179908535    0.057123192
   16.711460707    0.145001887    0.005874165
   16.840010404    0.104358348   -0.050511617
   16.968560102    0.056894592   -0.111481288
   17.097109800    0.001391067   -0.176185517
   17.225659497   -0.063498053   -0.243535533
   17.354209195   -0.139218561   -0.312263603
   17.482758893   -0.227162758   -0.380988578
   17.611308591   -0.328066551   -0.448282789
   17.739858288   -0.441587557   -0.512744075
   17.868407986   -0.564554134   -0.573059568
   17.996957684   -0.692987195   -0.628065845
   18.125507382   -0.822752979   -0.676806190
   18.254057079   -0.947815181   -0.718584004
   18.382606777   -1.061243443   -0.752973426
   18.511156475   -1.156410180   -0.779777674
   18.639706173   -1.227995627   -0.798946837
   18.768255870   -1.272129861   -0.810570682
   18.896805568   -1.286458175   -0.814844415
   19.025355266   -1.270230386   -0.811950575
   19.153904964   -1.224380808   -0.802041817
   19.282454661   -1.151390765   -0.785260471
   19.411004359   -1.055186658   -0.761860089
   19.539554057   -0.941119401   -0.732247206
   19.668103755   -0.815887824   -0.696996455
   19.796653452   -0.686598359   -0.656944609
   19.925203150   -0.559603118   -0.613240254
   20.053752848   -0.439499681   -0.567339813
   20.182302546   -0.330846478   -0.520957050
   20.310852243   -0.237514431   -0.475999561
   20.439401941   -0.160604431   -0.434475343
   20.567951639   -0.100165106   -0.398378019
   20.696501337   -0.055616604   -0.369492360
   20.825051034   -0.026345353   -0.349296135
   20.953600732   -0.011890885   -0.338894176
   21.082150430   -0.011985704   -0.338879313
   21.210700128   -0.026622728   -0.349240294
   21.339249825   -0.056043287   -0.369363465
   21.467799523   -0.100700026   -0.398127726
   21.596349221   -0.161192080   -0.434047619
   21.724898918   -0.238107623   -0.475340643
   21.853448616   -0.331401144   -0.520022850
   21.981998314   -0.439991942   -0.566097816
   22.110548012   -0.560010647   -0.611667488
   22.239097709   -0.686877601   -0.655025099
   22.367647407   -0.815941594   -0.694722760
   22.496197105   -0.940777543   -0.729628126
   22.624746803   -1.054190397   -0.758935125
   22.753296500   -1.149431282   -0.782121129
   22.881846198   -1.221181132   -0.798858639
   23.010395896   -1.265657208   -0.809005308
   23.138945594   -1.280586035   -0.812565859
   23.267495291   -1.265205192   -0.809573699
   23.396044989   -1.220328645   -0.800072237
   23.524594687   -1.148267572   -0.784134944
   23.653144385   -1.052841652   -0.761983179
   23.781694082   -0.939391556   -0.734018659
   23.910243780   -0.814714312   -0.700820751
   24.038793478   -0.686046679   -0.663221299
   24.167343176   -0.559900813   -0.622333190
   24.295892873   -0.441006017   -0.579535702
   24.424442571   -0.334073419   -0.536409631
   24.552992269   -0.243084743   -0.494662359
   24.681541967   -0.169287941   -0.456077200
   24.810091664   -0.112867521   -0.422441857
   24.938641362   -0.073434204   -0.395432408
   25.067191060   -0.050520050   -0.376511610
   25.195740758   -0.043693647   -0.366853411
   25.324290455   -0.052389708   -0.367184612
   25.452840153   -0.075990143   -0.377630742
   25.581389851   -0.113763899   -0.397690361
   25.709939548   -0.165089064   -0.426310153
   25.838489246   -0.229281503   -0.462029815
   25.967038944   -0.305469935   -0.503044806
   26.095588642   -0.393127390   -0.547310279
   26.224138339   -0.491592288   -0.592729647
   26.352688037   -0.599111327   -0.637276346
   26.481237735   -0.713089208   -0.679093056
   26.609787433   -0.830703084   -0.716598304
   26.738337130   -0.947009177   -0.748568083
   26.866886828   -1.054975309   -0.774192449
   26.995436526   -1.147417904   -0.793031109
   27.123986224   -1.218156044   -0.804875712
   27.252535921   -1.262558244   -0.809689643
   27.381085619   -1.277418217   -0.807560710
   27.509635317   -1.261190622   -0.798600752
   27.638185015   -1.213933401   -0.782873560
   27.766734712   -1.137441593   -0.760377020
   27.895284410   -1.035218543   -0.731095657
   28.023834108   -0.913140749   -0.695057351
   28.152383806   -0.778998562   -0.652359371
   28.280933503   -0.641750118   -0.603272776
   28.409483201   -0.509279335   -0.548341190
   28.538032899   -0.386189766   -0.488394356
   28.666582597   -0.275809469   -0.424508467
   28.795132294   -0.180316043   -0.357943314
   28.923681992   -0.099390904   -0.290082201
   29.052231690   -0.031401976   -0.222362995
   29.180781388    0.025828127   -0.156209200
   29.309331085    0.074360021   -0.092956961
   29.437880783    0.115791837   -0.033780988
   29.566430481    0.151350464    0.020406519
   29.694980179    0.181982502    0.069039120
   29.823529876    0.208451164    0.111945128
   29.952079574    0.231359275    0.149300975
   30.080629272    0.251219408    0.181487132
   30.209178969    0.268440280    0.209032723
   30.337728667    0.283387379    0.232564417
   30.466278365    0.296351116    0.252697932
   30.594828063    0.307603886    0.269980199
   30.723377760    0.317359913    0.284865576
   30.851927458    0.325828826    0.297720533
   30.980477156    0.333171903    0.308843531
   31.109026854    0.339551261    0.318481067
   31.237576551    0.345088069    0.326839489
   31.366126249    0.349905156    0.334093118
   31.494675947    0.354091846    0.340390713
   31.623225645    0.357739109    0.345859747
   31.751775342    0.360912925    0.350610322
   31.880325040    0.363679940    0.354737512
   32.008874738    0.366090158    0.358323927
   32.137424436    0.368191817    0.361441118
   32.265974133    0.370024017    0.364151354
   32.394523831    0.371620793    0.366508480
   32.523073529    0.373013804    0.368559272
   32.651623227    0.374226208    0.370344056
   32.780172924    0.375284626    0.371897793
   32.908722622    0.376203949    0.373250600
   33.037272320    0.377007196    0.374428607
   33.165822018    0.377703513    0.375454389
   33.294371715    0.378312739    0.376347573
   33.422921413    0.378838661    0.377125175
   33.551471111    0.379299294    0.377802001
   33.680020809    0.379695338    0.378390943
   33.808570506    0.380042713    0.378903218
   33.937120204    0.380340114    0.379348639
   34.065669902    0.380601309    0.379735728
   34.194219599    0.380824005    0.380071984
   34.322769297    0.381019738    0.380363895
   34.451318995    0.381185994    0.380617198
   34.579868693    0.381332091    0.380836835
   34.708418390    0.381456172    0.381027175
   34.836968088    0.381564773    0.381191975
   34.965517786    0.381657150    0.381334601
   35.094067484    0.381737499    0.381457916
   35.222617181    0.381806341    0.381564493
   35.351166879    0.381865464    0.381656506
   35.479716577    0.381916863    0.381735921
   35.608266275    0.381960087    0.381804410
   35.736815972    0.381998582    0.381863460
   35.865365670    0.382029922    0.381914328
   35.993915368    0.382058851    0.381958142
   36.122465066    0.382081331    0.381995857
   36.251014763    0.382103141    0.382028309
   36.379564461    0.382119057    0.382056225
   36.508114159    0.382135527    0.382080227
   36.636663857    0.382146610    0.382100867
   36.765213554    0.382159013    0.382118600
   36.893763252    0.382166660    0.382133847
   37.022312950    0.382176553    0.382146940
   37.150862648    0.382182164    0.382158199
   37.279412345    0.382189705    0.382167864
   37.407962043    0.382193718    0.382176179
   37.536511741    0.382199537    0.382183318
   37.665061439    0.382202561    0.382189467
   37.793611136    0.382206836    0.382194751
   37.922160834    0.382209206    0.382199313
   38.050710532    0.382212202    0.382203241
   38.179260230    0.382214214    0.382206645
   38.307809927    0.382216145    0.382209590
   38.436359625    0.382218001    0.382212154
   38.564909323    0.382219044    0.382214364
   38.693459020    0.382220867    0.382216281
   38.822008718    0.382221183    0.382217938
   38.950558416    0.382223032    0.382219375
   39.079108114    0.382222775    0.382220615
   39.207657811    0.382224661    0.382221688
   39.336207509    0.382223976    0.382222617
   39.464757207    0.382225872    0.382223418
   39.593306905    0.382224903    0.382224117
   39.721856602    0.382226756    0.382224717
   39.850406300    0.382225640    0.382225243
   39.978955998    0.382227382    0.382225693
   40.107505696    0.382226248    0.382226091
   40.236055393    0.382227805    0.382226430
   40.364605091    0.382226768    0.382226732
   40.493154789    0.382228069    0.382226988
   40.621704487    0.382227226    0.382227218
   40.750254184    0.382228211    0.382227412
   40.878803882    0.382227638    0.382227588
   41.007353580    0.382228263    0.382227736
   41.135903278    0.382228013    0.382227871
   41.264452975    0.382228253    0.382227985
   41.393002673    0.382228350    0.382228089
   41.521552371    0.382228206    0.382228178
   41.650102069    0.382228649    0.382228258
   41.778651766    0.382228142    0.382228328
   41.907201464    0.382228905    0.382228389
   42.035751162    0.382228080    0.382228445
   42.164300860    0.382229113    0.382228493
   42.292850557    0.382228035    0.382228538
   42.421400255    0.382229270    0.382228575
   42.549949953    0.382228017    0.382228612
   42.678499650    0.382229371    0.382228641
   42.807049348    0.382228035    0.382228672
   42.935599046    0.382229417    0.382228694
   43.064148744    0.382228092    0.382228720
   43.192698441    0.382229410    0.382228737
   43.321248139    0.382228188    0.382228759
   43.449797837    0.382229354    0.382228773
   43.578347535    0.382228320    0.382228791
   43.706897232    0.382229256    0.382228802
   43.835446930    0.382228481    0.382228818
   43.963996628    0.382229125    0.382228827
   44.092546326    0.382228662    0.382228840
   44.221096023    0.382228973    0.382228848
   44.349645721    0.382228853    0.382228858
   44.478195419    0.382228811    0.382282353
   44.606745117    0.382229042    0.382424995
   44.735294814    0.382228652    0.382656783
   44.863844512    0.382229218    0.382977715
   44.992394210    0.382228507    0.383387795
   45.120943908    0.382229369    0.383887018
   45.249493605    0.382228388    0.384475391
   45.378043303    0.382229487    0.385152905
   45.506593001    0.382228303    0.385919570
   45.635142699    0.382229563    0.386721888
   45.763692396    0.382228258    0.387524211
   45.892242094    0.383459815    0.388326527
   46.020791792    0.385508846    0.389128850
   46.149341490    0.387560533    0.389931166
