    0.000000000    0.473639917    0.473710846
    0.127887916    0.473769467    0.473761347
    0.255775831    0.473897989    0.473811852
    0.383663747    0.474027635    0.473862352
    0.511551663    0.474156079    0.473912856
    0.639439578    0.474285782    0.473963355
    0.767327494    0.474336751    0.474013860
    0.895215410    0.474337407    0.474064358
    1.023103326    0.474336756    0.474114862
    1.150991241    0.474337386    0.474161993
    1.278879157    0.474336781    0.474203519
    1.406767073    0.474337343    0.474239427
    1.534654988    0.474336824    0.474269728
    1.662542904    0.474337283    0.474294413
    1.790430820    0.474336881    0.474313491
    1.918318735    0.474337208    0.474326954
    2.046206651    0.474336948    0.474334808
    2.174094567    0.474337123    0.474337047
    2.301982483    0.474337021    0.474337044
    2.429870398    0.474337034    0.474337039
    2.557758314    0.474337094    0.474337034
    2.685646230    0.474336944    0.474337029
    2.813534145    0.474337162    0.474337023
    2.941422061    0.474336859    0.474337018
    3.069309977    0.474337220    0.474337010
    3.197197892    0.474336784    0.474337005
    3.325085808    0.474337263    0.474336996
    3.452973724    0.474336722    0.474336990
    3.580861640    0.474337288    0.474336979
    3.708749555    0.474336677    0.474336972
    3.836637471    0.474337292    0.474336959
    3.964525387    0.474336648    0.474336951
    4.092413302    0.474337273    0.474336935
    4.220301218    0.474336637    0.474336925
    4.348189134    0.474337231    0.474336907
    4.476077049    0.474336642    0.474336894
    4.603964965    0.474337166    0.474336873
    4.731852881    0.474336660    0.474336855
    4.859740796    0.474337080    0.474336830
    4.987628712    0.474336687    0.474336807
    5.115516628    0.474336974    0.474336776
    5.243404544    0.474336716    0.474336745
    5.371292459    0.474336850    0.474336707
    5.499180375    0.474336740    0.474336664
    5.627068291    0.474336710    0.474336616
    5.754956206    0.474336750    0.474336559
    5.882844122    0.474336553    0.474336495
    6.010732038    0.474336736    0.474336419
    6.138619953    0.474336379    0.474336334
    6.266507869    0.474336686    0.474336231
    6.394395785    0.474336182    0.474336117
    6.522283701    0.474336584    0.474335977
    6.650171616    0.474335954    0.474335820
    6.778059532    0.474336413    0.474335630
    6.905947448    0.474335680    0.474335415
    7.033835363    0.474336150    0.474335153
    7.161723279    0.474335337    0.474334856
    7.289611195    0.474335763    0.474334496
    7.417499110    0.474334891    0.474334083
    7.545387026    0.474335213    0.474333587
    7.673274942    0.474334293    0.474333025
    7.801162858    0.474334443    0.474332378
    7.929050773    0.474333473    0.474331631
    8.056938689    0.474333375    0.474330752
    8.184826605    0.474332332    0.474329719
    8.312714520    0.474331900    0.474328490
    8.440602436    0.474330734    0.474327031
    8.568490352    0.474329864    0.474325292
    8.696378267    0.474328483    0.474323219
    8.824266183    0.474327047    0.474320747
    8.952154099    0.474325321    0.474317797
    9.080042015    0.474323461    0.474314281
    9.207929930    0.474321800    0.474310087
    9.335817846    0.474319013    0.474305092
    9.463705762    0.474316364    0.474299137
    9.591593677    0.474312182    0.474292053
    9.719481593    0.474308148    0.474283612
    9.847369509    0.474302133    0.474273575
    9.975257424    0.474296144    0.474261624
   10.103145340    0.474287665    0.474247430
   10.231033256    0.474278902    0.474230548
   10.358921171    0.474267046    0.474210501
   10.486809087    0.474254352    0.474186679
   10.614697003    0.474237818    0.474158396
   10.742584919    0.474219570    0.474124793
   10.870472834    0.474196506    0.474084934
   10.998360750    0.474170428    0.474037651
   11.126248666    0.474138203    0.473981630
   11.254136581    0.474101033    0.473915267
   11.382024497    0.474055871    0.473836733
   11.509912413    0.474003392    0.473743830
   11.637800328    0.473940198    0.473634026
   11.765688244    0.473865965    0.473504329
   11.893576160    0.473777433    0.473351276
   12.021464076    0.473672932    0.473170766
   12.149351991    0.473548931    0.472958036
   12.277239907    0.473402258    0.472707505
   12.405127823    0.473228859    0.472412664
   12.533015738    0.473023701    0.472065922
   12.660903654    0.472781809    0.471658404
   12.788791570    0.472495845    0.471179784
   12.916679485    0.472159367    0.470617954
   13.044567401    0.471762181    0.469958816
   13.172455317    0.471295859    0.469185820
   13.300343233    0.470746844    0.468279673
   13.428231148    0.470102621    0.467217656
   13.556119064    0.469345026    0.465973232
   13.684006980    0.468457346    0.464515061
   13.811894895    0.467415161    0.462806397
   13.939782811    0.466195373    0.460803702
   14.067670727    0.464765292    0.458455770
   14.195558642    0.463092773    0.455701886
   14.323446558    0.461133771    0.452470624
   14.451334474    0.458843235    0.448677494
   14.579222389    0.456161282    0.444223360
   14.707110305    0.453024583    0.438991333
   14.834998221    0.449351031    0.432844440
   14.962886137    0.445051192    0.425621320
   15.090774052    0.440010988    0.417132445
   15.218661968    0.434102989    0.407153902
   15.346549884    0.427166882    0.395425033
   15.474437799    0.419021265    0.381649989
   15.602325715    0.409442481    0.365507091
   15.730213631    0.398176810    0.346665584
   15.858101546    0.384917386    0.324812082
   15.985989462    0.369317092    0.299677827
   16.113877378    0.350959228    0.271069729
   16.241765294    0.329368314    0.238890563
   16.369653209    0.303970858    0.203169429
   16.497541125    0.274100909    0.164110310
   16.625429041    0.238950844    0.122022421
   16.753316956    0.197651178    0.077288815
   16.881204872    0.149369354    0.030366701
   17.009092788    0.093478643   -0.018243346
   17.136980703    0.029738117   -0.068011685
   17.264868619   -0.041496785   -0.118392725
   17.392756535   -0.119244616   -0.168820017
   17.520644451   -0.201824978   -0.218708251
   17.648532366   -0.287096235   -0.267454036
   17.776420282   -0.372235060   -0.314444469
   17.904308198   -0.453308524   -0.359049970
   18.032196113   -0.528010473   -0.400618397
   18.160084029   -0.594769938   -0.438468363
   18.287971945   -0.652041744   -0.471909074
   18.415859860   -0.699009825   -0.500270721
   18.543747776   -0.735229314   -0.522951758
   18.671635692   -0.760587110   -0.539441143
   18.799523607   -0.774910331   -0.549427823
   18.927411523   -0.778112280   -0.552847506
   19.055299439   -0.770193841   -0.549858680
   19.183187355   -0.751411626   -0.540851573
   19.311075270   -0.721955685   -0.526447834
   19.438963186   -0.681972892   -0.507522381
   19.566851102   -0.631598379   -0.485095665
   19.694739017   -0.571485187   -0.460269983
   19.822626933   -0.502948514   -0.434191407
   19.950514849   -0.428185217   -0.407986540
   20.078402764   -0.349517734   -0.382710889
   20.206290680   -0.271190434   -0.359309303
   20.334178596   -0.197897327   -0.338592397
   20.462066512   -0.133081959   -0.321218806
   20.589954427   -0.079932789   -0.307634336
   20.717842343   -0.040949062   -0.298114473
   20.845730259   -0.018023111   -0.292829029
   20.973618174   -0.012196002   -0.291848915
   21.101506090   -0.023779240   -0.295186413
   21.229394006   -0.052234500   -0.302799141
   21.357281921   -0.096297880   -0.314582973
   21.485169837   -0.153889354   -0.330335852
   21.613057753   -0.222350628   -0.349752551
   21.740945669   -0.298421497   -0.372340194
   21.868833584   -0.378519680   -0.397406514
   21.996721500   -0.457751041   -0.424113228
   22.124609416   -0.532454762   -0.451488153
   22.252497331   -0.600390474   -0.478457244
   22.380385247   -0.659430274   -0.503894364
   22.508273163   -0.708360832   -0.526684408
   22.636161078   -0.746577942   -0.545796755
   22.764048994   -0.773976638   -0.560325801
   22.891936910   -0.790501440   -0.569586245
   23.019824826   -0.796101802   -0.573200012
   23.147712741   -0.790706230   -0.571066791
   23.275600657   -0.774422674   -0.563373530
   23.403488573   -0.747336396   -0.550583589
   23.531376488   -0.709556061   -0.533458026
   23.659264404   -0.661238152   -0.512963708
   23.787152320   -0.603076868   -0.490168339
   23.915040235   -0.536367025   -0.466195760
   24.042928151   -0.463363216   -0.442143884
   24.170816067   -0.386402551   -0.419028014
   24.298703982   -0.309288089   -0.397726883
   24.426591898   -0.237006009   -0.378971547
   24.554479814   -0.173286544   -0.363293024
   24.682367730   -0.121476490   -0.351039137
   24.810255645   -0.084351033   -0.342441912
   24.938143561   -0.063863101   -0.337614186
   25.066031477   -0.061085446   -0.336594116
   25.193919392   -0.076096983   -0.339384342
   25.321807308   -0.108060959   -0.345949768
   25.449695224   -0.155167673   -0.356194592
   25.577583139   -0.214912954   -0.369917066
   25.705471055   -0.284050609   -0.386807046
   25.833358971   -0.359128711   -0.406388469
   25.961246887   -0.435495782   -0.427974868
   26.089134802   -0.508866826   -0.450726300
   26.217022718   -0.576686497   -0.473670755
   26.344910634   -0.636298712   -0.495739926
   26.472798549   -0.686094440   -0.515820432
   26.600686465   -0.725413349   -0.532802693
   26.728574381   -0.754081657   -0.545629109
   26.856462296   -0.771997979   -0.553380077
   26.984350212   -0.778980129   -0.555379027
   27.112238128   -0.774872076   -0.551188664
   27.240126044   -0.759660832   -0.540608798
   27.368013959   -0.733493191   -0.523664618
   27.495901875   -0.696569477   -0.500628699
   27.623789791   -0.649198957   -0.471975974
   27.751677706   -0.591941966   -0.438282640
   27.879565622   -0.525714724   -0.400211439
   28.007453538   -0.451677459   -0.358456845
   28.135341453   -0.371104545   -0.313702827
   28.263229369   -0.286333233   -0.266605918
   28.391117285   -0.201143526   -0.217798065
   28.519005200   -0.118534596   -0.167894350
   28.646893116   -0.040713700   -0.117496031
   28.774781032    0.030587444   -0.067186868
   28.902668948    0.094330348   -0.017529283
   29.030556863    0.150145851    0.030936375
   29.158444779    0.198260181    0.077694027
   29.286332695    0.239338912    0.122261776
   29.414220610    0.274261221    0.164205205
   29.542108526    0.303929063    0.203147424
   29.669996442    0.329147250    0.238772256
   29.797884357    0.350582651    0.270870242
   29.925772273    0.368805302    0.299399941
   30.053660189    0.384289272    0.324454024
   30.181548105    0.397449921    0.346223695
   30.309436020    0.408631251    0.364978173
   30.437323936    0.418140656    0.381033648
   30.565211852    0.426227039    0.394724360
   30.693099767    0.433116271    0.406376019
   30.820987683    0.438984149    0.416286863
   30.948875599    0.443993582    0.424717873
   31.076763514    0.448266584    0.431891870
   31.204651430    0.451920433    0.437997426
   31.332539346    0.455039565    0.443194860
   31.460427262    0.457709303    0.447620295
   31.588315177    0.459988728    0.451389755
   31.716203093    0.461940447    0.454601703
   31.844091009    0.463606281    0.457339920
   31.971978924    0.465032207    0.459675277
   32.099866840    0.466248349    0.461667951
   32.227754756    0.467288323    0.463368711
   32.355642671    0.468174455    0.464820701
   32.483530587    0.468930990    0.466060358
   32.611418503    0.469575047    0.467118753
   32.739306418    0.470123616    0.468022206
   32.867194334    0.470590326    0.468793250
   32.995082250    0.470986846    0.469451029
   33.122970166    0.471324715    0.470011967
   33.250858081    0.471610259    0.470490059
   33.378745997    0.471853849    0.470897330
   33.506633913    0.472058550    0.471244040
   33.634521828    0.472233755    0.471539008
   33.762409744    0.472379920    0.471789782
   33.890297660    0.472505692    0.472002830
   34.018185575    0.472609673    0.472183709
   34.146073491    0.472699839    0.472337157
   34.273961407    0.472773588    0.472467260
   34.401849323    0.472838203    0.472577482
   34.529737238    0.472890324    0.472670811
   34.657625154    0.472936542    0.472749747
   34.785513070    0.472973521    0.472816499
   34.913400985    0.473006545    0.472872879
   35.041288901    0.473032605    0.472920502
   35.169176817    0.473056117    0.472960671
   35.297064732    0.473074570    0.472994564
   35.424952648    0.473091214    0.473023111
   35.552840564    0.473104344    0.473047168
   35.680728480    0.473115996    0.473067421
   35.808616395    0.473125412    0.473084493
   35.936504311    0.473133413    0.473098853
   36.064392227    0.473140244    0.473110953
   36.192280142    0.473145559    0.473121124
   36.320168058    0.473150581    0.473129682
   36.448055974    0.473153901    0.473136871
   36.575943889    0.473157635    0.473142915
   36.703831805    0.473159461    0.473147991
   36.831719721    0.473162255    0.473152254
   36.959607637    0.473162995    0.473155833
   37.087495552    0.473165669    0.473158833
   37.215383468    0.473166230    0.473161354
   37.343271384    0.473168489    0.473163463
   37.471159299    0.473168610    0.473165239
   37.599047215    0.473170487    0.473166723
   37.726935131    0.473170348    0.473167979
   37.854823046    0.473171890    0.473169029
   37.982710962    0.473171636    0.473169927
   38.110598878    0.473172866    0.473170683
   38.238486793    0.473172604    0.473171343
   38.366374709    0.473173531    0.473171908
   38.494262625    0.473173344    0.473172416
   38.622150541    0.473173976    0.473172839
   38.750038456    0.473173920    0.473173209
   38.877926372    0.473174266    0.473173515
   39.005814288    0.473174374    0.473173783
   39.133702203    0.473174448    0.473174005
   39.261590119    0.473174735    0.473174200
   39.389478035    0.473174561    0.473174363
   39.517365950    0.473175020    0.473174505
   39.645253866    0.473174633    0.473174626
   39.773141782    0.473175242    0.473174730
   39.901029698    0.473174682    0.473174820
   40.028917613    0.473175410    0.473174896
   40.156805529    0.473174726    0.473174965
   40.284693445    0.473175529    0.473175021
   40.412581360    0.473174773    0.473175074
   40.540469276    0.473175604    0.473175115
   40.668357192    0.473174831    0.473175158
   40.796245107    0.473175639    0.473175188
   40.924133023    0.473174904    0.473175222
   41.052020939    0.473175641    0.473175245
   41.179908855    0.473174991    0.473175273
   41.307796770    0.473175614    0.473175290
   41.435684686    0.473175091    0.473175313
   41.563572602    0.473175564    0.473175326
   41.691460517    0.473175201    0.473175345
   41.819348433    0.473175499    0.473175356
   41.947236349    0.473175316    0.473175372
   42.075124264    0.473175424    0.473175381
   42.203012180    0.473175430    0.473175394
   42.330900096    0.473175347    0.473175403
   42.458788011    0.473175540    0.473175413
   42.586675927    0.473175273    0.473175421
   42.714563843    0.473175638    0.473175429
   42.842451759    0.473175210    0.473175437
   42.970339674    0.473175720    0.473175443
   43.098227590    0.473175162    0.473175451
   43.226115506    0.473175782    0.473175455
   43.354003421    0.473175133    0.473175463
   43.481891337    0.473175822    0.473175466
   43.609779253    0.473175124    0.473175474
   43.737667168    0.473175837    0.473175475
   43.865555084    0.473175138    0.473175483
   43.993443000    0.473175829    0.473175483
   44.121330916    0.473175173    0.473175491
   44.249218831    0.473175798    0.473178858
   44.377106747    0.473175227    0.473187842
   44.504994663    0.473175747    0.473202432
   44.632882578    0.473175297    0.473222639
   44.760770494    0.473175681    0.473248451
   44.888658410    0.473175379    0.473279880
   45.016546325    0.473175603    0.473316915
   45.144434241    0.473175468    0.473359565
   45.272322157    0.473175520    0.473407824
   45.400210073    0.473175558    0.473458329
   45.528097988    0.473175437    0.473508832
   45.655985904    0.473253080    0.473559336
   45.783873820    0.473381859    0.473609839
   45.911761735    0.473511281    0.473660342
