    0.000000000    0.511993900    0.513293108
    0.129267164    0.514365433    0.514221334
    0.258534327    0.516738165    0.515149544
    0.387801491    0.519109630    0.516077770
    0.517068655    0.521482412    0.517005978
    0.646335819    0.523853841    0.517934203
    0.775602982    0.524803371    0.518862410
    0.904870146    0.524802683    0.519790633
    1.034137310    0.524803351    0.520718839
    1.163404473    0.524802694    0.521585180
    1.292671637    0.524803313    0.522348368
    1.421938801    0.524802718    0.523008436
    1.551205965    0.524803257    0.523565353
    1.680473128    0.524802753    0.524019148
    1.809740292    0.524803185    0.524369794
    1.939007456    0.524802797    0.524617315
    2.068274619    0.524803101    0.524761691
    2.197541783    0.524802847    0.524802938
    2.326808947    0.524803008    0.524802925
    2.456076111    0.524802900    0.524802914
    2.585343274    0.524802908    0.524802902
    2.714610438    0.524802952    0.524802888
    2.843877602    0.524802805    0.524802876
    2.973144765    0.524802999    0.524802859
    3.102411929    0.524802703    0.524802847
    3.231679093    0.524803037    0.524802826
    3.360946257    0.524802606    0.524802815
    3.490213420    0.524803064    0.524802791
    3.619480584    0.524802516    0.524802780
    3.748747748    0.524803076    0.524802752
    3.878014911    0.524802436    0.524802740
    4.007282075    0.524803070    0.524802710
    4.136549239    0.524802368    0.524802697
    4.265816403    0.524803045    0.524802664
    4.395083566    0.524802312    0.524802649
    4.524350730    0.524802999    0.524802614
    4.653617894    0.524802270    0.524802595
    4.782885057    0.524802931    0.524802558
    4.912152221    0.524802239    0.524802535
    5.041419385    0.524802842    0.524802495
    5.170686549    0.524802219    0.524802468
    5.299953712    0.524802732    0.524802424
    5.429220876    0.524802207    0.524802390
    5.558488040    0.524802601    0.524802343
    5.687755203    0.524802199    0.524802300
    5.817022367    0.524802451    0.524802248
    5.946289531    0.524802189    0.524802194
    6.075556695    0.524802282    0.524802133
    6.204823858    0.524802171    0.524802066
    6.334091022    0.524802094    0.524801994
    6.463358186    0.524802138    0.524801908
    6.592625349    0.524801886    0.524801819
    6.721892513    0.524802078    0.524801709
    6.851159677    0.524801654    0.524801595
    6.980426841    0.524801980    0.524801451
    7.109694004    0.524801392    0.524801303
    7.238961168    0.524801827    0.524801113
    7.368228332    0.524801087    0.524800913
    7.497495495    0.524801598    0.524800660
    7.626762659    0.524800722    0.524800386
    7.756029823    0.524801265    0.524800041
    7.885296987    0.524800268    0.524799660
    8.014564150    0.524800790    0.524799187
    8.143831314    0.524799683    0.524798653
    8.273098478    0.524800120    0.524797998
    8.402365641    0.524798906    0.524797245
    8.531632805    0.524799177    0.524796330
    8.660899969    0.524797844    0.524795264
    8.790167133    0.524797856    0.524793976
    8.919434296    0.524796363    0.524792460
    9.048701460    0.524795971    0.524790637
    9.177968624    0.524794250    0.524788475
    9.307235787    0.524793326    0.524785881
    9.436502951    0.524791261    0.524782788
    9.565770115    0.524789602    0.524779083
    9.695037279    0.524787008    0.524774650
    9.824304442    0.524784341    0.524769340
    9.953571606    0.524780929    0.524762975
   10.082838770    0.524776873    0.524755350
   10.212105933    0.524772206    0.524746197
   10.341373097    0.524766224    0.524735232
   10.470640261    0.524759661    0.524722060
   10.599907425    0.524750992    0.524706276
   10.729174588    0.524741602    0.524687315
   10.858441752    0.524729144    0.524664590
   10.987708916    0.524715566    0.524637298
   11.116976079    0.524697726    0.524604591
   11.246243243    0.524678002    0.524565337
   11.375510407    0.524652492    0.524518310
   11.504777571    0.524623813    0.524461921
   11.634044734    0.524587330    0.524394414
   11.763311898    0.524545648    0.524313558
   11.892579062    0.524493419    0.524216848
   12.021846225    0.524432941    0.524101162
   12.151113389    0.524358144    0.523962939
   12.280380553    0.524270639    0.523797814
   12.409647717    0.524163556    0.523600751
   12.538914880    0.524037342    0.523365647
   12.668182044    0.523884159    0.523085391
   12.797449208    0.523702733    0.522751436
   12.926716371    0.523483981    0.522353742
   13.055983535    0.523224193    0.521880310
   13.185250699    0.522912531    0.521316961
   13.314517863    0.522541888    0.520646786
   13.443785026    0.522098882    0.519849701
   13.573052190    0.521571855    0.518901741
   13.702319354    0.520943741    0.517774284
   13.831586517    0.520196682    0.516433107
   13.960853681    0.519308184    0.514837118
   14.090120845    0.518251832    0.512936991
   14.219388009    0.516997033    0.510673171
   14.348655172    0.515505543    0.507973818
   14.477922336    0.513734874    0.504751813
   14.607189500    0.511630295    0.500901763
   14.736456663    0.509131641    0.496295720
   14.865723827    0.506160455    0.490778825
   14.994990991    0.502629856    0.484163086
   15.124258155    0.498426640    0.476220605
   15.253525318    0.493423556    0.466674935
   15.382792482    0.487455819    0.455195952
   15.512059646    0.480334426    0.441397773
   15.641326809    0.471816299    0.424846023
   15.770593973    0.461617601    0.405075835
   15.899861137    0.449377868    0.381624530
   16.029128301    0.434673062    0.354075540
   16.158395464    0.416973521    0.322100483
   16.287662628    0.395653324    0.285456763
   16.416929792    0.369936873    0.244020260
   16.546196955    0.338894788    0.197791522
   16.675464119    0.301393340    0.146864653
   16.804731283    0.256180081    0.091501055
   16.933998447    0.201950063    0.032185951
   17.063265610    0.137561565   -0.030373084
   17.192532774    0.062282720   -0.095285935
   17.321799938   -0.023874470   -0.161534676
   17.451067101   -0.119891892   -0.228019409
   17.580334265   -0.223796032   -0.293595342
   17.709601429   -0.333673910   -0.357108689
   17.838868593   -0.446879119   -0.417432273
   17.968135756   -0.560631115   -0.473504955
   18.097402920   -0.672891347   -0.524378195
   18.226670084   -0.779939201   -0.569258517
   18.355937247   -0.876791575   -0.607521666
   18.485204411   -0.958523380   -0.638686574
   18.614471575   -1.021179269   -0.662344970
   18.743738738   -1.062103434   -0.678181459
   18.873005902   -1.079771003   -0.686039577
   19.002273066   -1.073573389   -0.685928169
   19.131540230   -1.043833470   -0.678066883
   19.260807393   -0.991789096   -0.662861544
   19.390074557   -0.919734825   -0.640891646
   19.519341721   -0.831189728   -0.612883829
   19.648608884   -0.730854069   -0.579661042
   19.777876048   -0.623872329   -0.542205746
   19.907143212   -0.514842831   -0.501711456
   20.036410376   -0.406581550   -0.459571894
   20.165677539   -0.301956529   -0.417323166
   20.294944703   -0.204611168   -0.376558115
   20.424211867   -0.117329520   -0.338836155
   20.553479030   -0.042986457   -0.305614098
   20.682746194    0.016048894   -0.278215642
   20.812013358    0.058428533   -0.257759363
   20.941280522    0.083548684   -0.245134038
   21.070547685    0.091232746   -0.240971564
   21.199814849    0.081532598   -0.245522712
   21.329082013    0.054577095   -0.258602774
   21.458349176    0.010686550   -0.279628400
   21.587616340   -0.049458527   -0.307742579
   21.716883504   -0.124507254   -0.341867235
   21.846150668   -0.212165929   -0.380714793
   21.975417831   -0.309466068   -0.422859598
   22.104684995   -0.413668987   -0.466766286
   22.233952159   -0.521294689   -0.510844333
   22.363219322   -0.629352351   -0.553535349
   22.492486486   -0.735452821   -0.593397510
   22.621753650   -0.835530460   -0.629170723
   22.751020814   -0.924713759   -0.659801161
   22.880287977   -0.998432230   -0.684414475
   23.009555141   -1.053207670   -0.702255840
   23.138822305   -1.086823617   -0.712735402
   23.268089468   -1.098105008   -0.715478658
   23.397356632   -1.086660035   -0.710334270
   23.526623796   -1.052840283   -0.697409839
   23.655890960   -0.997746176   -0.677029766
   23.785158123   -0.923464835   -0.649721612
   23.914425287   -0.833281024   -0.616162180
   24.043692451   -0.731551140   -0.577131978
   24.172959614   -0.622967479   -0.533582825
   24.302226778   -0.511529138   -0.486671539
   24.431493942   -0.399664830   -0.437741606
   24.560761106   -0.290488463   -0.388264959
   24.690028269   -0.187602146   -0.339771582
   24.819295433   -0.093844992   -0.293784258
   24.948562597   -0.012204171   -0.251776248
   25.077829760    0.055072691   -0.215096293
   25.207096924    0.106792871   -0.184918645
   25.336364088    0.142514581   -0.162241391
   25.465631252    0.162241816   -0.147797444
   25.594898415    0.166100053   -0.141958218
   25.724165579    0.154245833   -0.144704634
   25.853432743    0.126956227   -0.155691251
   25.982699906    0.084755198   -0.174363651
   26.111967070    0.028524054   -0.199965818
   26.241234234   -0.040396553   -0.231547601
   26.370501398   -0.120475808   -0.267990138
   26.499768561   -0.209201305   -0.308003953
   26.629035725   -0.303660278   -0.350192059
   26.758302889   -0.401887994   -0.393145204
   26.887570052   -0.501070237   -0.435528374
   27.016837216   -0.597248943   -0.476127564
   27.146104380   -0.686135052   -0.513841563
   27.275371544   -0.764221329   -0.547640571
   27.404638707   -0.829130029   -0.576600602
   27.533905871   -0.879338306   -0.599945922
   27.663173035   -0.913983150   -0.617030885
   27.792440198   -0.932023341   -0.627362153
   27.921707362   -0.932521917   -0.630598538
   28.050974526   -0.915253749   -0.626572294
   28.180241690   -0.881129470   -0.615267783
   28.309508853   -0.832298326   -0.596737982
   28.438776017   -0.771539541   -0.571142746
   28.568043181   -0.701321938   -0.538813024
   28.697310344   -0.623131340   -0.500285885
   28.826577508   -0.539124482   -0.456281866
   28.955844672   -0.452187180   -0.407637688
   29.085111836   -0.364430076   -0.355252515
   29.214378999   -0.278015729   -0.300047319
   29.343646163   -0.194912663   -0.242964853
   29.472913327   -0.116597696   -0.184958842
   29.602180490   -0.043656512   -0.126960790
   29.731447654    0.024297412   -0.069833649
   29.860714818    0.087620208   -0.014322869
   29.989981982    0.146334651    0.038966147
   30.119249145    0.199989151    0.089551214
   30.248516309    0.247871110    0.137027211
   30.377783473    0.289686065    0.181093272
   30.507050636    0.325520677    0.221582076
   30.636317800    0.355736354    0.258425110
   30.765584964    0.380873382    0.291653178
   30.894852128    0.401616323    0.321387510
   31.024119291    0.418701439    0.347817039
   31.153386455    0.432794778    0.371159552
   31.282653619    0.444449628    0.391618342
   31.411920782    0.454107808    0.409383634
   31.541187946    0.462134615    0.424646210
   31.670455110    0.468816584    0.437618230
   31.799722274    0.474394928    0.448543876
   31.928989437    0.479055301    0.457681397
   32.058256601    0.482959713    0.465285971
   32.187523765    0.486229828    0.471597985
   32.316790928    0.488976972    0.476834810
   32.446058092    0.491281490    0.481184717
   32.575325256    0.493221268    0.484804305
   32.704592420    0.494849583    0.487821679
   32.833859583    0.496221930    0.490341145
   32.963126747    0.497373896    0.492448105
   33.092393911    0.498345624    0.494212291
   33.221661074    0.499160957    0.495691159
   33.350928238    0.499849045    0.496931870
   33.480195402    0.500425892    0.497973598
   33.609462566    0.500912672    0.498848657
   33.738729729    0.501320354    0.499584081
   33.867996893    0.501664180    0.500202245
   33.997264057    0.501951967    0.500721982
   34.126531220    0.502194391    0.501158928
   34.255798384    0.502397338    0.501526304
   34.385065548    0.502567893    0.501835115
   34.514332712    0.502710879    0.502094688
   34.643599875    0.502830558    0.502312801
   34.772867039    0.502931278    0.502496047
   34.902134203    0.503015051    0.502649945
   35.031401366    0.503086076    0.502779161
   35.160668530    0.503144562    0.502887626
   35.289935694    0.503194747    0.502978636
   35.419202858    0.503235445    0.503054998
   35.548470021    0.503271017    0.503119033
   35.677737185    0.503299238    0.503172746
   35.807004349    0.503324576    0.503217762
   35.936271512    0.503344072    0.503255522
   36.065538676    0.503362222    0.503287154
   36.194805840    0.503375625    0.503313695
   36.324073004    0.503388701    0.503335924
   36.453340167    0.503397871    0.503354588
   36.582607331    0.503407346    0.503370216
   36.711874495    0.503413602    0.503383352
   36.841141658    0.503420498    0.503394351
   36.970408822    0.503424767    0.503403608
   37.099675986    0.503429786    0.503411361
   37.228943150    0.503432723    0.503417898
   37.358210313    0.503436354    0.503423373
   37.487477477    0.503438422    0.503427997
   37.616744641    0.503441011    0.503431872
   37.746011804    0.503442538    0.503435151
   37.875278968    0.503444324    0.503437903
   38.004546132    0.503445528    0.503440235
   38.133813296    0.503446684    0.503442197
   38.263080459    0.503447717    0.503443861
   38.392347623    0.503448375    0.503445266
   38.521614787    0.503449333    0.503446457
   38.650881950    0.503449577    0.503447470
   38.780149114    0.503450497    0.503448325
   38.909416278    0.503450426    0.503449060
   39.038683442    0.503451357    0.503449677
   39.167950605    0.503451046    0.503450214
   39.297217769    0.503451996    0.503450660
   39.426484933    0.503451511    0.503451057
   39.555752096    0.503452470    0.503451381
   39.685019260    0.503451869    0.503451677
   39.814286424    0.503452818    0.503451913
   39.943553588    0.503452157    0.503452136
   40.072820751    0.503453071    0.503452310
   40.202087915    0.503452398    0.503452480
   40.331355079    0.503453249    0.503452610
   40.460622242    0.503452611    0.503452743
   40.589889406    0.503453369    0.503452842
   40.719156570    0.503452805    0.503452947
   40.848423734    0.503453444    0.503453024
   40.977690897    0.503452986    0.503453108
   41.106958061    0.503453485    0.503453169
   41.236225225    0.503453159    0.503453237
   41.365492388    0.503453500    0.503453288
   41.494759552    0.503453324    0.503453343
   41.624026716    0.503453497    0.503453386
   41.753293880    0.503453481    0.503453431
   41.882561043    0.503453483    0.503453470
   42.011828207    0.503453627    0.503453506
   42.141095371    0.503453465    0.503453541
   42.270362534    0.503453762    0.503453571
   42.399629698    0.503453446    0.503453603
   42.528896862    0.503453881    0.503453627
   42.658164026    0.503453432    0.503453658
   42.787431189    0.503453984    0.503453677
   42.916698353    0.503453426    0.503453707
   43.045965517    0.503454069    0.503453721
   43.175232680    0.503453431    0.503453750
   43.304499844    0.503454133    0.503453761
   43.433767008    0.503453449    0.503453788
   43.563034172    0.503454177    0.503453797
   43.692301335    0.503453481    0.503453823
   43.821568499    0.503454200    0.503453830
   43.950835663    0.503453528    0.503453853
   44.080102826    0.503454204    0.503453859
   44.209369990    0.503453587    0.503453880
   44.338637154    0.503454188    0.503453885
   44.467904318    0.503453658    0.503453904
   44.597171481    0.503454157    0.503453909
   44.726438645    0.503453739    0.503515806
   44.855705809    0.503454112    0.503680827
   44.984972972    0.503453826    0.503948992
   45.114240136    0.503454056    0.504320285
   45.243507300    0.503453916    0.504794717
   45.372774464    0.503453994    0.505372281
   45.502041627    0.503454006    0.506052981
   45.631308791    0.503453929    0.506836816
   45.760575955    0.503454091    0.507723784
   45.889843118    0.503453864    0.508652009
   46.019110282    0.503454170    0.509580228
   46.148377446    0.504877073    0.510508453
   46.277644610    0.507249619    0.511436669
   46.406911773    0.509621248    0.512364895
