    0.000000000    0.509668987    0.509629463
    0.128408840    0.509596959    0.509601214
    0.256817679    0.509524476    0.509572969
    0.385226519    0.509452717    0.509544718
    0.513635359    0.509379972    0.509516471
    0.642044198    0.509308456    0.509488217
    0.770453038    0.509278794    0.509459969
    0.898861878    0.509279665    0.509431712
    1.027270717    0.509278700    0.509403462
    1.155679557    0.509279716    0.509377086
    1.284088397    0.509278634    0.509353856
    1.412497236    0.509279728    0.509333755
    1.540906076    0.509278599    0.509316799
    1.669314916    0.509279699    0.509302973
    1.797723755    0.509278597    0.509292292
    1.926132595    0.509279629    0.509284742
    2.054541435    0.509278626    0.509280335
    2.182950274    0.509279520    0.509279061
    2.311359114    0.509278684    0.509279044
    2.439767954    0.509279376    0.509279024
    2.568176793    0.509278764    0.509279004
    2.696585633    0.509279205    0.509278983
    2.824994473    0.509278860    0.509278959
    2.953403312    0.509279013    0.509278937
    3.081812152    0.509278961    0.509278910
    3.210220992    0.509278811    0.509278886
    3.338629831    0.509279059    0.509278855
    3.467038671    0.509278609    0.509278831
    3.595447511    0.509279143    0.509278796
    3.723856350    0.509278415    0.509278769
    3.852265190    0.509279204    0.509278731
    3.980674030    0.509278238    0.509278702
    4.109082869    0.509279232    0.509278661
    4.237491709    0.509278087    0.509278629
    4.365900549    0.509279221    0.509278584
    4.494309388    0.509277967    0.509278548
    4.622718228    0.509279165    0.509278500
    4.751127068    0.509277881    0.509278459
    4.879535907    0.509279060    0.509278409
    5.007944747    0.509277829    0.509278362
    5.136353587    0.509278907    0.509278307
    5.264762426    0.509277808    0.509278253
    5.393171266    0.509278707    0.509278193
    5.521580106    0.509277814    0.509278130
    5.649988945    0.509278463    0.509278064
    5.778397785    0.509277838    0.509277991
    5.906806625    0.509278182    0.509277916
    6.035215464    0.509277868    0.509277829
    6.163624304    0.509277868    0.509277742
    6.292033144    0.509277889    0.509277638
    6.420441983    0.509277529    0.509277534
    6.548850823    0.509277884    0.509277407
    6.677259663    0.509277169    0.509277279
    6.805668502    0.509277835    0.509277121
    6.934077342    0.509276790    0.509276960
    7.062486182    0.509277719    0.509276761
    7.190895021    0.509276389    0.509276551
    7.319303861    0.509277510    0.509276296
    7.447712701    0.509275956    0.509276018
    7.576121540    0.509277176    0.509275683
    7.704530380    0.509275470    0.509275312
    7.832939220    0.509276680    0.509274874
    7.961348059    0.509274898    0.509274375
    8.089756899    0.509275973    0.509273788
    8.218165739    0.509274183    0.509273106
    8.346574578    0.509274990    0.509272304
    8.474983418    0.509273247    0.509271358
    8.603392258    0.509273638    0.509270244
    8.731801097    0.509271968    0.509268919
    8.860209937    0.509271789    0.509267356
    8.988618777    0.509270159    0.509265484
    9.117027616    0.509269330    0.509263273
    9.245436456    0.509267810    0.509260617
    9.373845296    0.509266062    0.509257471
    9.502254135    0.509264387    0.509253690
    9.630662975    0.509261480    0.509249196
    9.759071815    0.509259388    0.509243798
    9.887480654    0.509255027    0.509237368
   10.015889494    0.509252114    0.509229647
   10.144298334    0.509245895    0.509220435
   10.272707173    0.509241562    0.509209383
   10.401116013    0.509232914    0.509196180
   10.529524853    0.509226306    0.509180355
   10.657933692    0.509214403    0.509161432
   10.786342532    0.509204304    0.509138769
   10.914751372    0.509187933    0.509111668
   11.043160211    0.509172627    0.509079245
   11.171569051    0.509150015    0.509040489
   11.299977891    0.509127096    0.508994177
   11.428386730    0.509095669    0.508938859
   11.556795570    0.509061760    0.508872840
   11.685204410    0.509017776    0.508794067
   11.813613249    0.508968119    0.508700181
   11.942022089    0.508906186    0.508588306
   12.070430929    0.508834112    0.508455155
   12.198839768    0.508746550    0.508296709
   12.327248608    0.508642736    0.508108387
   12.455657448    0.508518671    0.507884606
   12.584066287    0.508370084    0.507618979
   12.712475127    0.508194211    0.507303756
   12.840883967    0.507982713    0.506930020
   12.969292806    0.507733674    0.506487003
   13.097701646    0.507434113    0.505962235
   13.226110486    0.507082191    0.505340727
   13.354519325    0.506659789    0.504604986
   13.482928165    0.506163838    0.503734045
   13.611337005    0.505570132    0.502703225
   13.739745844    0.504872914    0.501482984
   13.868154684    0.504040953    0.500038264
   13.996563524    0.503063225    0.498327066
   14.124972363    0.501899877    0.496299147
   14.253381203    0.500531166    0.493894156
   14.381790043    0.498906278    0.491039375
   14.510198882    0.496992090    0.487647279
   14.638607722    0.494723106    0.483612045
   14.767016562    0.492046067    0.478806328
   14.895425401    0.488874550    0.473076020
   15.023834241    0.485125255    0.466235545
   15.152243081    0.480681011    0.458059959
   15.280651920    0.475414156    0.448280995
   15.409060760    0.469161129    0.436583736
   15.537469600    0.461727943    0.422609299
   15.665878439    0.452879407    0.405954340
   15.794287279    0.442322762    0.386174599
   15.922696119    0.429715456    0.362777205
   16.051104958    0.414623741    0.335218000
   16.179513798    0.396550709    0.302872919
   16.307922638    0.374862683    0.264972409
   16.436331477    0.348832934    0.220524254
   16.564740317    0.317531643    0.168316337
   16.693149157    0.279956732    0.107087707
   16.821557996    0.235004007    0.035817770
   16.949966836    0.181651177   -0.045866017
   17.078375676    0.118835814   -0.137353782
   17.206784515    0.045597117   -0.236917726
   17.335193355   -0.039233776   -0.341824884
   17.463602195   -0.136869619   -0.448638149
   17.592011034   -0.249213764   -0.553595664
   17.720419874   -0.379665673   -0.653071894
   17.848828714   -0.533433009   -0.743990655
   17.977237553   -0.715656841   -0.824155474
   18.105646393   -0.927577479   -0.892429533
   18.234055233   -1.163794381   -0.948670651
   18.362464072   -1.409565966   -0.993457896
   18.490872912   -1.642490657   -1.027698321
   18.619281752   -1.837091321   -1.052303887
   18.747690591   -1.970541858   -1.067996533
   18.876099431   -2.026989637   -1.075246058
   19.004508271   -1.999399113   -1.074342335
   19.132917110   -1.891402578   -1.065438989
   19.261325950   -1.716268808   -1.048535852
   19.389734790   -1.494957906   -1.023407299
   19.518143629   -1.252771715   -0.989613245
   19.646552469   -1.013588982   -0.946664200
   19.774961309   -0.795102641   -0.894301934
   19.903370148   -0.605878593   -0.832898300
   20.031778988   -0.447092197   -0.763782043
   20.160187828   -0.315333754   -0.689380818
   20.288596667   -0.205972844   -0.613112099
   20.417005507   -0.116083990   -0.539121167
   20.545414347   -0.044436794   -0.471970585
   20.673823186    0.009106478   -0.416258119
   20.802232026    0.044523711   -0.376175838
   20.930640866    0.061606385   -0.354996578
   21.059049705    0.060250561   -0.354588213
   21.187458545    0.040537745   -0.375079336
   21.315867385    0.002717618   -0.414835107
   21.444276224   -0.052816752   -0.470761493
   21.572685064   -0.125863150   -0.538778892
   21.701093904   -0.216361324   -0.614334940
   21.829502743   -0.325198205   -0.692849374
   21.957911583   -0.454935718   -0.770098732
   22.086320423   -0.610015857   -0.842534798
   22.214729262   -0.794376347   -0.907551520
   22.343138102   -1.007834925   -0.963629958
   22.471546942   -1.243379315   -1.010238669
   22.599955781   -1.484884815   -1.047544667
   22.728364621   -1.709485377   -1.076027448
   22.856773461   -1.892185471   -1.096188668
   22.985182300   -2.011492379   -1.108381611
   23.113591140   -2.053122861   -1.112779384
   23.241999980   -2.011804822   -1.109453045
   23.370408819   -1.892819225   -1.098401109
   23.498817659   -1.710466316   -1.079520084
   23.627226499   -1.486278127   -1.052521493
   23.755635338   -1.245280363   -1.016960276
   23.884044178   -1.010393970   -0.972399971
   24.012453018   -0.797787389   -0.918703650
   24.140861857   -0.614566219   -0.856416914
   24.269270697   -0.460990443   -0.787063308
   24.397679537   -0.333254430   -0.713235826
   24.526088376   -0.227011941   -0.638488472
   24.654497216   -0.139855515   -0.567091808
   24.782906056   -0.071003691   -0.503715290
   24.911314895   -0.020672126   -0.452995962
   25.039723735    0.010951734   -0.418994673
   25.168132575    0.023531631   -0.404631735
   25.296541414    0.017052085   -0.411163166
   25.424950254   -0.008363913   -0.437928780
   25.553359094   -0.052289891   -0.482476925
   25.681767933   -0.114352450   -0.541024591
   25.810176773   -0.194153377   -0.609031864
   25.938585613   -0.292303236   -0.681751488
   26.066994452   -0.410999584   -0.754706283
   26.195403292   -0.554144922   -0.824036257
   26.323812132   -0.726274670   -0.886774639
   26.452220971   -0.928436682   -0.941038011
   26.580629811   -1.155930537   -0.986008110
   26.709038651   -1.395503275   -1.021680030
   26.837447490   -1.626003092   -1.048467190
   26.965856330   -1.822394722   -1.066846514
   27.094265170   -1.961162538   -1.077158279
   27.222674009   -2.025157726   -1.079517326
   27.351082849   -2.005805789   -1.073880068
   27.479491689   -1.904972217   -1.060072673
   27.607900528   -1.734444917   -1.037754259
   27.736309368   -1.513986475   -1.006351756
   27.864718208   -1.268729684   -0.965042924
   27.993127047   -1.023360550   -0.912907995
   28.121535887   -0.796922523   -0.849181075
   28.249944727   -0.599052596   -0.773621786
   28.378353566   -0.431088377   -0.686862276
   28.506762406   -0.289460471   -0.590582012
   28.635171246   -0.168610533   -0.487449202
   28.763580085   -0.064496455   -0.380849951
   28.891988925    0.025266859   -0.274520048
   29.020397765    0.102323931   -0.172095287
   29.148806604    0.168112649   -0.076682898
   29.277215444    0.223828476    0.009481875
   29.405624284    0.270666679    0.085267568
   29.534033123    0.309788624    0.150624477
   29.662441963    0.342360372    0.206338514
   29.790850803    0.369465629    0.253620203
   29.919259642    0.392051354    0.293743623
   30.047668482    0.410892081    0.327831403
   30.176077322    0.426625047    0.356768387
   30.304486161    0.439782000    0.381266167
   30.432895001    0.450797286    0.401935466
   30.561303841    0.460040024    0.419317174
   30.689712680    0.467803296    0.433891761
   30.818121520    0.474341267    0.446088846
   30.946530360    0.479848345    0.456287636
   31.074939199    0.484500333    0.464817607
   31.203348039    0.488426256    0.471958683
   31.331756879    0.491750276    0.477944203
   31.460165718    0.494558481    0.482967167
   31.588574558    0.496940095    0.487187291
   31.716983398    0.498952487    0.490737175
   31.845392237    0.500660728    0.493726609
   31.973801077    0.502103223    0.496246880
   32.102209917    0.503328153    0.498373501
   32.230618756    0.504361431    0.500169463
   32.359027596    0.505238841    0.501686967
   32.487436436    0.505977952    0.502969850
   32.615845275    0.506605128    0.504054570
   32.744254115    0.507132594    0.504971957
   32.872662955    0.507579519    0.505747716
   33.001071794    0.507954922    0.506403710
   33.129480634    0.508272379    0.506958203
   33.257889474    0.508538980    0.507426807
   33.386298313    0.508763521    0.507822593
   33.514707153    0.508952322    0.508156764
   33.643115993    0.509110419    0.508438710
   33.771524832    0.509243857    0.508676483
   33.899933672    0.509354647    0.508876845
   34.028342512    0.509448889    0.509045582
   34.156751351    0.509526160    0.509187576
   34.285160191    0.509592739    0.509306984
   34.413569031    0.509646338    0.509407335
   34.541977870    0.509693429    0.509491601
   34.670386710    0.509730396    0.509562328
   34.798795550    0.509763793    0.509621629
   34.927204389    0.509789153    0.509671349
   35.055613229    0.509812915    0.509712982
   35.184022069    0.509830216    0.509747859
   35.312430908    0.509847160    0.509777030
   35.440839748    0.509858908    0.509801455
   35.569248588    0.509870998    0.509821863
   35.697657427    0.509878978    0.509838946
   35.826066267    0.509887578    0.509853208
   35.954475107    0.509893043    0.509865153
   36.082883946    0.509899095    0.509875122
   36.211292786    0.509902919    0.509883475
   36.339701626    0.509907078    0.509890446
   36.468110465    0.509909870    0.509896291
   36.596519305    0.509912604    0.509901171
   36.724928145    0.509914783    0.509905266
   36.853336984    0.509916426    0.509908689
   36.981745824    0.509918264    0.509911564
   37.110154664    0.509919067    0.509913973
   37.238563503    0.509920781    0.509915999
   37.366972343    0.509921063    0.509917703
   37.495381183    0.509922718    0.509919137
   37.623790022    0.509922518    0.509920351
   37.752198862    0.509924127    0.509921373
   37.880607702    0.509923587    0.509922247
   38.009016541    0.509925151    0.509922983
   38.137425381    0.509924396    0.509923621
   38.265834220    0.509925891    0.509924158
   38.394243060    0.509925033    0.509924632
   38.522651900    0.509926418    0.509925031
   38.651060739    0.509925558    0.509925392
   38.779469579    0.509926786    0.509925694
   38.907878419    0.509926010    0.509925968
   39.036287258    0.509927034    0.509926197
   39.164696098    0.509926413    0.509926409
   39.293104938    0.509927193    0.509926587
   39.421513777    0.509926782    0.509926753
   39.549922617    0.509927287    0.509926894
   39.678331457    0.509927123    0.509927027
   39.806740296    0.509927337    0.509927143
   39.935149136    0.509927440    0.509927251
   40.063557976    0.509927361    0.509927348
   40.191966815    0.509927729    0.509927438
   40.320375655    0.509927374    0.509927522
   40.448784495    0.509927988    0.509927597
   40.577193334    0.509927388    0.509927671
   40.705602174    0.509928212    0.509927736
   40.834011014    0.509927414    0.509927802
   40.962419853    0.509928399    0.509927858
   41.090828693    0.509927459    0.509927919
   41.219237533    0.509928545    0.509927968
   41.347646372    0.509927528    0.509928024
   41.476055212    0.509928649    0.509928068
   41.604464052    0.509927625    0.509928119
   41.732872891    0.509928711    0.509928159
   41.861281731    0.509927750    0.509928206
   41.989690571    0.509928733    0.509928242
   42.118099410    0.509927899    0.509928285
   42.246508250    0.509928721    0.509928319
   42.374917090    0.509928070    0.509928359
   42.503325929    0.509928679    0.509928390
   42.631734769    0.509928256    0.509928426
   42.760143609    0.509928616    0.509928456
   42.888552448    0.509928449    0.509928488
   43.016961288    0.509928540    0.509928517
   43.145370128    0.509928642    0.509928544
   43.273778967    0.509928459    0.509928572
   43.402187807    0.509928825    0.509928596
   43.530596647    0.509928382    0.509928623
   43.659005486    0.509928991    0.509928643
   43.787414326    0.509928319    0.509928668
   43.915823166    0.509929131    0.509928686
   44.044232005    0.509928274    0.509928710
   44.172640845    0.509929240    0.509928724
   44.301049685    0.509928256    0.509928746
   44.429458524    0.509929312    0.509926875
   44.557867364    0.509928266    0.509921873
   44.686276204    0.509929345    0.509913723
   44.814685043    0.509928307    0.509902442
   44.943093883    0.509929340    0.509888013
   45.071502723    0.509928378    0.509870452
   45.199911562    0.509929297    0.509849744
   45.328320402    0.509928476    0.509825903
   45.456729242    0.509929220    0.509798917
   45.585138081    0.509928596    0.509770679
   45.713546921    0.509929117    0.509742437
   45.841955761    0.509885420    0.509714195
   45.970364600    0.509813495    0.509685952
   46.098773440    0.509741190    0.509657707
