    0.000000000    0.311952606    0.312684093
    0.129278187    0.313287897    0.313206613
    0.258556374    0.314623257    0.313729130
    0.387834561    0.315958547    0.314251648
    0.517112748    0.317293903    0.314774163
    0.646390936    0.318629194    0.315296679
    0.775669123    0.319163349    0.315819192
    0.904947310    0.319163316    0.316341706
    1.034225497    0.319163336    0.316864217
    1.163503684    0.319163304    0.317351894
    1.292781871    0.319163318    0.317781511
    1.422060058    0.319163289    0.318153070
    1.551338245    0.319163295    0.318466569
    1.680616433    0.319163269    0.318722010
    1.809894620    0.319163268    0.318919391
    1.939172807    0.319163244    0.319058713
    2.068450994    0.319163235    0.319139976
    2.197729181    0.319163214    0.319163180
    2.327007368    0.319163197    0.319163159
    2.456285555    0.319163178    0.319163136
    2.585563742    0.319163153    0.319163111
    2.714841929    0.319163134    0.319163083
    2.844120117    0.319163101    0.319163053
    2.973398304    0.319163082    0.319163019
    3.102676491    0.319163041    0.319162983
    3.231954678    0.319163021    0.319162943
    3.361232865    0.319162970    0.319162900
    3.490511052    0.319162947    0.319162851
    3.619789239    0.319162886    0.319162799
    3.749067426    0.319162858    0.319162740
    3.878345613    0.319162787    0.319162676
    4.007623801    0.319162751    0.319162604
    4.136901988    0.319162669    0.319162525
    4.266180175    0.319162622    0.319162436
    4.395458362    0.319162525    0.319162339
    4.524736549    0.319162463    0.319162228
    4.654014736    0.319162349    0.319162106
    4.783292923    0.319162268    0.319161968
    4.912571110    0.319162132    0.319161814
    5.041849298    0.319162026    0.319161639
    5.171127485    0.319161861    0.319161445
    5.300405672    0.319161723    0.319161222
    5.429683859    0.319161521    0.319160974
    5.558962046    0.319161340    0.319160690
    5.688240233    0.319161090    0.319160371
    5.817518420    0.319160855    0.319160005
    5.946796607    0.319160541    0.319159593
    6.076074794    0.319160235    0.319159121
    6.205352982    0.319159836    0.319158587
    6.334631169    0.319159438    0.319157973
    6.463909356    0.319158927    0.319157277
    6.593187543    0.319158408    0.319156477
    6.722465730    0.319157750    0.319155568
    6.851743917    0.319157071    0.319154520
    6.981022104    0.319156217    0.319153330
    7.110300291    0.319155328    0.319151954
    7.239578478    0.319154216    0.319150390
    7.368856666    0.319153050    0.319148581
    7.498134853    0.319151595    0.319146652
    7.627413040    0.319150063    0.319144720
    7.756691227    0.319148151    0.319142608
    7.885969414    0.319146135    0.319140290
    8.015247601    0.319143615    0.319137646
    8.144525788    0.319140960    0.319134617
    8.273803975    0.319137628    0.319131081
    8.403082163    0.319134132    0.319126947
    8.532360350    0.319129702    0.319122073
    8.661638537    0.319125110    0.319116332
    8.790916724    0.319119263    0.319109554
    8.920194911    0.319116167    0.319101562
    9.049473098    0.319115794    0.319092145
    9.178751285    0.319111272    0.319081065
    9.308029472    0.319106110    0.319068050
    9.437307659    0.319098111    0.319052783
    9.566585847    0.319088758    0.319034910
    9.695864034    0.319076424    0.319014008
    9.825142221    0.319061977    0.318989615
    9.954420408    0.319044130    0.318961168
   10.083698595    0.319023281    0.318928063
   10.212976782    0.318998318    0.318889554
   10.342254969    0.318969241    0.318844849
   10.471533156    0.318935002    0.318792833
   10.600811343    0.318895218    0.318732280
   10.730089531    0.318848811    0.318662064
   10.859367718    0.318794984    0.318580761
   10.988645905    0.318732541    0.318486792
   11.117924092    0.318660207    0.318378322
   11.247202279    0.318576588    0.318253258
   11.376480466    0.318479849    0.318109225
   11.505758653    0.318368297    0.317943480
   11.635036840    0.318239401    0.317752948
   11.764315028    0.318091038    0.317534057
   11.893593215    0.317919818    0.317282999
   12.022871402    0.317723055    0.316995249
   12.152149589    0.317496304    0.316665483
   12.281427776    0.317236155    0.316287740
   12.410705963    0.316936826    0.315855195
   12.539984150    0.316593934    0.315360091
   12.669262337    0.316199948    0.314793585
   12.798540524    0.315749231    0.314145567
   12.927818712    0.315231984    0.313404524
   13.057096899    0.314641058    0.312557242
   13.186375086    0.313963830    0.311588653
   13.315653273    0.313194886    0.310481425
   13.444931460    0.312316773    0.309215756
   13.574209647    0.311310595    0.307768802
   13.703487834    0.310160716    0.306114382
   13.832766021    0.308846458    0.304222224
   13.962044208    0.307345149    0.302057557
   14.091322396    0.305630552    0.299580195
   14.220600583    0.303672194    0.296744021
   14.349878770    0.301435850    0.293495890
   14.479156957    0.298880803    0.289774920
   14.608435144    0.295961854    0.285511074
   14.737713331    0.292624812    0.280624081
   14.866991518    0.288809413    0.275021312
   14.996269705    0.284443131    0.268596244
   15.125547893    0.279444638    0.261225852
   15.254826080    0.273716528    0.252767044
   15.384104267    0.267149470    0.243052516
   15.513382454    0.259614606    0.231884730
   15.642660641    0.250967958    0.219028148
   15.771938828    0.241042213    0.204198935
   15.901217015    0.229649670    0.187058767
   16.030495202    0.216572614    0.167212153
   16.159773389    0.201562989    0.144206368
   16.289051577    0.184331190    0.117523539
   16.418329764    0.164540217    0.086593851
   16.547607951    0.141791566    0.050802318
   16.676886138    0.115608128    0.009540705
   16.806164325    0.085412331   -0.037644201
   16.935442512    0.050486062   -0.090799806
   17.064720699    0.009929162   -0.149391684
   17.193998886   -0.037399691   -0.212327345
   17.323277073   -0.092788028   -0.278023611
   17.452555261   -0.157591319   -0.344530413
   17.581833448   -0.233171203   -0.409725178
   17.711111635   -0.321080243   -0.471561297
   17.840389822   -0.422573419   -0.528281639
   17.969668009   -0.538762120   -0.578562632
   18.098946196   -0.669572474   -0.621590603
   18.228224383   -0.811536291   -0.657115393
   18.357502570   -0.955429450   -0.685354918
   18.486780758   -1.087998594   -0.706738240
   18.616058945   -1.196552247   -0.721715269
   18.745337132   -1.269971910   -0.730665981
   18.874615319   -1.300006779   -0.733884093
   19.003893506   -1.282906980   -0.731561551
   19.133171693   -1.220667731   -0.723790134
   19.262449880   -1.120236677   -0.710558512
   19.391728067   -0.991922620   -0.691764238
   19.521006254   -0.847851766   -0.667227498
   19.650284442   -0.701462050   -0.636752210
   19.779562629   -0.564096737   -0.600286715
   19.908840816   -0.441330358   -0.558183649
   20.038119003   -0.334542493   -0.511387867
   20.167397190   -0.243266079   -0.461422645
   20.296675377   -0.166804590   -0.410329278
   20.425953564   -0.104172866   -0.360543402
   20.555231751   -0.054428610   -0.314702223
   20.684509938   -0.016752946   -0.275400955
   20.813788126    0.009694888   -0.244964352
   20.943066313    0.025582900   -0.225294677
   21.072344500    0.031359163   -0.217728118
   21.201622687    0.027170089   -0.222814635
   21.330900874    0.012941064   -0.240156117
   21.460179061   -0.011695614   -0.268525114
   21.589457248   -0.047352127   -0.306092939
   21.718735435   -0.094824475   -0.350584268
   21.848013623   -0.154931637   -0.399423310
   21.977291810   -0.228559859   -0.449952195
   22.106569997   -0.316738561   -0.499679990
   22.235848184   -0.420194812   -0.546482891
   22.365126371   -0.539520104   -0.588741111
   22.494404558   -0.673820897   -0.625405934
   22.623682745   -0.818451938   -0.656036297
   22.752960932   -0.962950838   -0.680654251
   22.882239119   -1.093817292   -0.699482842
   23.011517307   -1.198602449   -0.712770816
   23.140795494   -1.266566651   -0.720717656
   23.270073681   -1.290102563   -0.723460131
   23.399351868   -1.266337212   -0.721058330
   23.528630055   -1.198167890   -0.713499426
   23.657908242   -1.093219676   -0.700694780
   23.787186429   -0.962244163   -0.682494727
   23.916464616   -0.817708051   -0.658703307
   24.045742803   -0.673139176   -0.629154540
   24.175020991   -0.539042855   -0.593889569
   24.304299178   -0.420116531   -0.553414097
   24.433577365   -0.317319009   -0.508829862
   24.562855552   -0.230129452   -0.461777130
   24.692133739   -0.157901407   -0.414356679
   24.821411926   -0.099690200   -0.368965358
   24.950690113   -0.054705074   -0.328092161
   25.079968300   -0.022231698   -0.294108016
   25.209246488   -0.001593592   -0.269104171
   25.338524675    0.007682547   -0.254776375
   25.467802862    0.005800740   -0.252269990
   25.597081049   -0.007357595   -0.261930087
   25.726359236   -0.032014978   -0.283158958
   25.855637423   -0.068379891   -0.314579845
   25.984915610   -0.116389608   -0.354254479
   26.114193797   -0.175896278   -0.399831604
   26.243471984   -0.246102184   -0.448698652
   26.372750172   -0.326253693   -0.498215332
   26.502028359   -0.416532535   -0.545953083
   26.631306546   -0.518131254   -0.589886067
   26.760584733   -0.632704859   -0.628507493
   26.889862920   -0.760061188   -0.660906252
   27.019141107   -0.895321412   -0.686803406
   27.148419294   -1.027306892   -0.706366230
   27.277697481   -1.142796932   -0.719930434
   27.406975668   -1.229835585   -0.727798936
   27.536253856   -1.278403313   -0.730159954
   27.665532043   -1.281843529   -0.727081922
   27.794810230   -1.238573829   -0.718556771
   27.924088417   -1.152673340   -0.704518252
   28.053366604   -1.032690348   -0.684820947
   28.182644791   -0.889886388   -0.659214578
   28.311922978   -0.737488895   -0.627335803
   28.441201165   -0.589833805   -0.588798219
   28.570479353   -0.457302544   -0.543402241
   28.699757540   -0.343991685   -0.491414279
   28.829035727   -0.249355421   -0.433658686
   28.958313914   -0.170693042   -0.371465792
   29.087592101   -0.105101525   -0.306589493
   29.216870288   -0.050023727   -0.241063001
   29.346148475   -0.003367736   -0.176979357
   29.475426662    0.036505460   -0.116246641
   29.604704849    0.070815242   -0.060394403
   29.733983037    0.100506972   -0.010456666
   29.863261224    0.126303228    0.033113001
   29.992539411    0.148786095    0.070488907
   30.121817598    0.168416222    0.102300839
   30.251095785    0.185581722    0.129360168
   30.380373972    0.200600969    0.152457638
   30.509652159    0.213751558    0.172269171
   30.638930346    0.225265789    0.189346817
   30.768208533    0.235349991    0.204133406
   30.897486721    0.244179114    0.216982604
   31.026764908    0.251911142    0.228178295
   31.156043095    0.258681548    0.237952714
   31.285321282    0.264613466    0.246498110
   31.414599469    0.269812016    0.253976377
   31.543877656    0.274371908    0.260524938
   31.673155843    0.278372883    0.266262035
   31.802434030    0.281886384    0.271289608
   31.931712218    0.284972213    0.275696540
   32.060990405    0.287684329    0.279560324
   32.190268592    0.290067826    0.282948563
   32.319546779    0.292163821    0.285920388
   32.448824966    0.294006342    0.288527610
   32.578103153    0.295626895    0.290815569
   32.707381340    0.297051072    0.292823936
   32.836659527    0.298303371    0.294587343
   32.965937714    0.299402988    0.296136018
   33.095215902    0.300369457    0.297496320
   33.224494089    0.301215909    0.298691267
   33.353772276    0.301960392    0.299740972
   33.483050463    0.302618595    0.300663041
   33.612328650    0.303195291    0.301472894
   33.741606837    0.303701956    0.302184057
   33.870885024    0.304145223    0.302808401
   34.000163211    0.304534194    0.303356358
   34.129441398    0.304874006    0.303837101
   34.258719586    0.305171826    0.304258715
   34.387997773    0.305431534    0.304628312
   34.517275960    0.305658849    0.304952179
   34.646554147    0.305856668    0.305235833
   34.775832334    0.306029608    0.305484218
   34.905110521    0.306179791    0.305701560
   35.034388708    0.306310953    0.305891397
   35.163666895    0.306424584    0.306057114
   35.292945083    0.306523718    0.306201586
   35.422223270    0.306609352    0.306327446
   35.551501457    0.306683977    0.306436919
   35.680779644    0.306748203    0.306532046
   35.810057831    0.306804092    0.306614520
   35.939336018    0.306851945    0.306685888
   36.068614205    0.306893485    0.306747754
   36.197892392    0.306928768    0.306801349
   36.327170579    0.306959263    0.306847738
   36.456448767    0.306984844    0.306887856
   36.585726954    0.307006778    0.306922508
   36.715005141    0.307024807    0.306952418
   36.844283328    0.307040013    0.306978196
   36.973561515    0.307052082    0.307000402
   37.102839702    0.307061910    0.307019500
   37.232117889    0.307068737    0.307035920
   37.361396076    0.307073001    0.307050014
   37.490674263    0.307081759    0.307062115
   37.619952451    0.307089367    0.307072489
   37.749230638    0.307096548    0.307081396
   37.878508825    0.307102501    0.307089038
   38.007787012    0.307107959    0.307095619
   38.137065199    0.307112495    0.307101293
   38.266343386    0.307116628    0.307106223
   38.395621573    0.307120086    0.307110527
   38.524899760    0.307123225    0.307114337
   38.654177948    0.307125865    0.307117747
   38.783456135    0.307128250    0.307120885
   38.912734322    0.307130271    0.307123857
   39.042012509    0.307132085    0.307126469
   39.171290696    0.307133638    0.307128765
   39.300568883    0.307135019    0.307130765
   39.429847070    0.307136219    0.307132517
   39.559125257    0.307137269    0.307134045
   39.688403444    0.307138202    0.307135384
   39.817681632    0.307138999    0.307136554
   39.946959819    0.307139730    0.307137580
   40.076238006    0.307140332    0.307138479
   40.205516193    0.307140911    0.307139267
   40.334794380    0.307141365    0.307139959
   40.464072567    0.307141829    0.307140567
   40.593350754    0.307142169    0.307141102
   40.722628941    0.307142545    0.307141572
   40.851907128    0.307142796    0.307141988
   40.981185316    0.307143105    0.307142353
   41.110463503    0.307143289    0.307142677
   41.239741690    0.307143547    0.307142962
   41.369019877    0.307143680    0.307143216
   41.498298064    0.307143898    0.307143440
   41.627576251    0.307143991    0.307143640
   41.756854438    0.307144177    0.307143817
   41.886132625    0.307144242    0.307143976
   42.015410813    0.307144402    0.307144116
   42.144689000    0.307144445    0.307144243
   42.273967187    0.307144583    0.307144355
   42.403245374    0.307144611    0.307144458
   42.532523561    0.307144730    0.307144548
   42.661801748    0.307144749    0.307144631
   42.791079935    0.307144851    0.307144704
   42.920358122    0.307144864    0.307144773
   43.049636309    0.307144951    0.307144832
   43.178914497    0.307144961    0.307144889
   43.308192684    0.307145034    0.307144938
   43.437470871    0.307145043    0.307144984
   43.566749058    0.307145103    0.307145025
   43.696027245    0.307145114    0.307145064
   43.825305432    0.307145161    0.307145098
   43.954583619    0.307145175    0.307145131
   44.083861806    0.307145209    0.307145159
   44.213139993    0.307145227    0.307145186
   44.342418181    0.307145250    0.307145211
   44.471696368    0.307145272    0.307145233
   44.600974555    0.307145284    0.307145254
   44.730252742    0.307145310    0.307180107
   44.859530929    0.307145313    0.307273016
   44.988809116    0.307145343    0.307423982
   45.118087303    0.307145336    0.307633004
   45.247365490    0.307145370    0.307900081
   45.376643678    0.307145356    0.308225216
   45.505921865    0.307145392    0.308608406
   45.635200052    0.307145371    0.309049653
   45.764478239    0.307145409    0.309548956
   45.893756426    0.307145383    0.310071482
   46.023034613    0.307145422    0.310594006
   46.152312800    0.307946587    0.311116530
   46.281590987    0.309281951    0.311639051
   46.410869174    0.310617244    0.312161573
