    0.000000000    0.424048617    0.424304689
    0.128831776    0.424516158    0.424487448
    0.257663552    0.424982729    0.424670215
    0.386495328    0.425450283    0.424852971
    0.515327104    0.425916848    0.425035735
    0.644158880    0.426384388    0.425218487
    0.772990657    0.426570736    0.425401248
    0.901822433    0.426571176    0.425583997
    1.030654209    0.426570743    0.425766754
    1.159485985    0.426571120    0.425937317
    1.288317761    0.426570755    0.426087578
    1.417149537    0.426571048    0.426217525
    1.545981313    0.426570770    0.426327167
    1.674813089    0.426570961    0.426416497
    1.803644865    0.426570785    0.426485520
    1.932476641    0.426570861    0.426534234
    2.061308417    0.426570798    0.426562638
    2.190140194    0.426570752    0.426570736
    2.318971970    0.426570805    0.426570704
    2.447803746    0.426570634    0.426570676
    2.576635522    0.426570802    0.426570639
    2.705467298    0.426570512    0.426570607
    2.834299074    0.426570787    0.426570564
    2.963130850    0.426570387    0.426570529
    3.091962626    0.426570756    0.426570479
    3.220794402    0.426570262    0.426570439
    3.349626178    0.426570704    0.426570382
    3.478457955    0.426570137    0.426570336
    3.607289731    0.426570629    0.426570272
    3.736121507    0.426570013    0.426570217
    3.864953283    0.426570527    0.426570144
    3.993785059    0.426569890    0.426570080
    4.122616835    0.426570396    0.426569997
    4.251448611    0.426569764    0.426569920
    4.380280387    0.426570230    0.426569824
    4.509112163    0.426569633    0.426569731
    4.637943939    0.426570027    0.426569620
    4.766775715    0.426569490    0.426569507
    4.895607492    0.426569783    0.426569375
    5.024439268    0.426569328    0.426569236
    5.153271044    0.426569493    0.426569078
    5.282102820    0.426569135    0.426568905
    5.410934596    0.426569147    0.426568713
    5.539766372    0.426568896    0.426568496
    5.668598148    0.426568737    0.426568257
    5.797429924    0.426568593    0.426567983
    5.926261700    0.426568246    0.426567682
    6.055093476    0.426568200    0.426567332
    6.183925252    0.426567654    0.426566948
    6.312757029    0.426567684    0.426566498
    6.441588805    0.426566930    0.426566001
    6.570420581    0.426567004    0.426565418
    6.699252357    0.426566033    0.426564768
    6.828084133    0.426566101    0.426564007
    6.956915909    0.426564903    0.426563152
    7.085747685    0.426564900    0.426562151
    7.214579461    0.426563461    0.426561018
    7.343411237    0.426563304    0.426559694
    7.472243013    0.426561595    0.426558186
    7.601074789    0.426561178    0.426556436
    7.729906566    0.426559151    0.426554443
    7.858738342    0.426558341    0.426552134
    7.987570118    0.426555922    0.426549484
    8.116401894    0.426554551    0.426546408
    8.245233670    0.426551627    0.426542857
    8.374065446    0.426549481    0.426538730
    8.502897222    0.426545876    0.426533943
    8.631728998    0.426542679    0.426528377
    8.760560774    0.426538143    0.426521904
    8.889392550    0.426533568    0.426514370
    9.018224326    0.426527941    0.426505594
    9.147056103    0.426521816    0.426495377
    9.275887879    0.426514580    0.426483463
    9.404719655    0.426505983    0.426469592
    9.533551431    0.426496261    0.426453411
    9.662383207    0.426484345    0.426434572
    9.791214983    0.426471174    0.426412599
    9.920046759    0.426454822    0.426387020
   10.048878535    0.426436877    0.426357200
   10.177710311    0.426414568    0.426322499
   10.306542087    0.426390042    0.426282075
   10.435373864    0.426359729    0.426235059
   10.564205640    0.426326192    0.426180333
   10.693037416    0.426285128    0.426116722
   10.821869192    0.426239307    0.426042765
   10.950700968    0.426183771    0.425956898
   11.079532744    0.426121254    0.425857210
   11.208364520    0.426046244    0.425741614
   11.337196296    0.425961156    0.425607613
   11.466028072    0.425860011    0.425452436
   11.594859848    0.425744554    0.425272827
   11.723691624    0.425608392    0.425065127
   11.852523401    0.425452211    0.424825097
   11.981355177    0.425269253    0.424547924
   12.110186953    0.425058751    0.424228070
   12.239018729    0.424813577    0.423859193
   12.367850505    0.424531026    0.423434050
   12.496682281    0.424203448    0.422944315
   12.625514057    0.423825630    0.422380504
   12.754345833    0.423389164    0.421731672
   12.883177609    0.422885749    0.420985352
   13.012009385    0.422305875    0.420127102
   13.140841161    0.421637462    0.419140459
   13.269672938    0.420869348    0.418006307
   13.398504714    0.419984757    0.416702801
   13.527336490    0.418969541    0.415204518
   13.656168266    0.417800955    0.413482281
   13.785000042    0.416461023    0.411502070
   13.913831818    0.414919852    0.409224717
   14.042663594    0.413153616    0.406604608
   14.171495370    0.411123099    0.403589221
   14.300327146    0.408795790    0.400117583
   14.429158922    0.406120278    0.396119490
   14.557990698    0.403051751    0.391513540
   14.686822475    0.399522913    0.386205750
   14.815654251    0.395471554    0.380086909
   14.944486027    0.390808762    0.373030197
   15.073317803    0.385447286    0.364887407
   15.202149579    0.379268731    0.355484695
   15.330981355    0.372151905    0.344616436
   15.459813131    0.363940948    0.332037208
   15.588644907    0.354471734    0.317450822
   15.717476683    0.343541484    0.300494796
   15.846308459    0.330929608    0.280719378
   15.975140235    0.316369022    0.257556650
   16.103972012    0.299558299    0.230279255
   16.232803788    0.280135991    0.197940942
   16.361635564    0.257680378    0.159309946
   16.490467340    0.231685390    0.112843703
   16.619299116    0.201538580    0.056831082
   16.748130892    0.166491062   -0.010310743
   16.876962668    0.125597606   -0.089559025
   17.005794444    0.077666740   -0.180770576
   17.134626220    0.021134490   -0.282495800
   17.263457996   -0.046038821   -0.392086096
   17.392289773   -0.126622469   -0.505936151
   17.521121549   -0.224328336   -0.619844830
   17.649953325   -0.344258274   -0.729503593
   17.778785101   -0.493041355   -0.831011441
   17.907616877   -0.677914827   -0.921280462
   18.036448653   -0.902843011   -0.998312376
   18.165280429   -1.164993224   -1.061361154
   18.294112205   -1.450558580   -1.110877753
   18.422943981   -1.733924734   -1.148087846
   18.551775757   -1.985208410   -1.174457988
   18.680607533   -2.177035339   -1.191333605
   18.809439310   -2.287621660   -1.199718394
   18.938271086   -2.303530578   -1.200220800
   19.067102862   -2.222593258   -1.193077615
   19.195934638   -2.054544517   -1.178157038
   19.324766414   -1.818507105   -1.154940359
   19.453598190   -1.540048626   -1.122530056
   19.582429966   -1.248583311   -1.079818580
   19.711261742   -0.972390727   -1.025804842
   19.840093518   -0.730234524   -0.960090424
   19.968925294   -0.528846526   -0.883412525
   20.097757070   -0.367004699   -0.797851869
   20.226588847   -0.238888970   -0.706752973
   20.355420623   -0.138177814   -0.614519137
   20.484252399   -0.060035065   -0.526303808
   20.613084175   -0.001085013   -0.447587348
   20.741915951    0.040942264   -0.383712236
   20.870747727    0.067522130   -0.339396984
   20.999579503    0.079520955   -0.318208364
   21.128411279    0.077322743   -0.321988147
   21.257243055    0.060873043   -0.350364416
   21.386074831    0.029666933   -0.400865440
   21.514906607   -0.017313331   -0.469485874
   21.643738384   -0.081760721   -0.551240776
   21.772570160   -0.166243440   -0.640683867
   21.901401936   -0.274578014   -0.732381188
   22.030233712   -0.412114661   -0.821372392
   22.159065488   -0.585416937   -0.903558840
   22.287897264   -0.799256316   -0.975974448
   22.416729040   -1.052710369   -1.036959022
   22.545560816   -1.335518309   -1.086176180
   22.674392592   -1.625044926   -1.124291779
   22.803224368   -1.891758068   -1.152418411
   22.932056144   -2.107116524   -1.171688554
   23.060887921   -2.247367437   -1.182986569
   23.189719697   -2.296080052   -1.186839715
   23.318551473   -2.247216201   -1.183434995
   23.447383249   -2.106832769   -1.172629671
   23.576215025   -1.891373313   -1.153941584
   23.705046801   -1.624616713   -1.126532803
   23.833878577   -1.335123070   -1.089320469
   23.962710353   -1.052473689   -1.041245647
   24.091542129   -0.799336044   -0.981703910
   24.220373905   -0.586039482   -0.911103252
   24.349205682   -0.413546354   -0.831193100
   24.478037458   -0.277167668   -0.745052680
   24.606869234   -0.170383084   -0.656930852
   24.735701010   -0.087934887   -0.571984908
   24.864532786   -0.026055553   -0.495883566
   24.993364562    0.017711321   -0.434254130
   25.122196338    0.044985036   -0.392073953
   25.251028114    0.056627367   -0.373071610
   25.379859890    0.053010535   -0.379092145
   25.508691666    0.033941648   -0.409581226
   25.637523442   -0.001229804   -0.461707470
   25.766355219   -0.053824560   -0.531053977
   25.895186995   -0.125886866   -0.612278928
   26.024018771   -0.220565390   -0.699724100
   26.152850547   -0.342323348   -0.787971377
   26.281682323   -0.496885337   -0.872288616
   26.410514099   -0.689355745   -0.948973057
   26.539345875   -0.921229230   -1.015578429
   26.668177651   -1.187562819   -1.070975457
   26.797009427   -1.473595376   -1.115213352
   26.925841203   -1.753722556   -1.149130441
   27.054672979   -1.998239661   -1.173815057
   27.183504756   -2.181009139   -1.190201057
   27.312336532   -2.281720234   -1.198858357
   27.441168308   -2.288406611   -1.199962558
   27.570000084   -2.200070462   -1.193315803
   27.698831860   -2.027231386   -1.178352443
   27.827663636   -1.789797684   -1.154129664
   27.956495412   -1.514212254   -1.119387769
   28.085327188   -1.229146595   -1.072730320
   28.214158964   -0.960844214   -1.012920939
   28.342990740   -0.727082524   -0.939322261
   28.471822516   -0.533804508   -0.852376236
   28.600654293   -0.378107802   -0.753788963
   28.729486069   -0.252942458   -0.646380370
   28.858317845   -0.151283510   -0.533834690
   28.987149621   -0.067690026   -0.420340456
   29.115981397    0.001833940   -0.310116123
   29.244813173    0.060238581   -0.206911107
   29.373644949    0.109707853   -0.113599320
   29.502476725    0.151892091   -0.031896233
   29.631308501    0.188052937    0.037736773
   29.760140277    0.219174213    0.095986010
   29.888972053    0.246036033    0.144316413
   30.017803830    0.269267605    0.184456320
   30.146635606    0.289388505    0.218012118
   30.275467382    0.306830414    0.246287365
   30.404299158    0.321960776    0.270283317
   30.533130934    0.335089177    0.290767391
   30.661962710    0.346483997    0.308335610
   30.790794486    0.356373418    0.323457745
   30.919626262    0.364958738    0.336510385
   31.048458038    0.372412545    0.347799858
   31.177289814    0.378888233    0.357578987
   31.306121591    0.384516741    0.366058926
   31.434953367    0.389413368    0.373417958
   31.563785143    0.393675549    0.379807833
   31.692616919    0.397388214    0.385358528
   31.821448695    0.400623399    0.390181874
   31.950280471    0.403443671    0.394374359
   32.079112247    0.405902973    0.398019463
   32.207944023    0.408047685    0.401189497
   32.336775799    0.409918577    0.403947195
   32.465607575    0.411549966    0.406346926
   32.594439351    0.412972893    0.408435824
   32.723271128    0.414212826    0.410254645
   32.852102904    0.415293759    0.411838661
   32.980934680    0.416234727    0.413218349
   33.109766456    0.417054489    0.414420119
   33.238598232    0.417767385    0.415466846
   33.367430008    0.418387917    0.416378413
   33.496261784    0.418926588    0.417172090
   33.625093560    0.419394761    0.417862924
   33.753925336    0.419800472    0.418464009
   33.882757112    0.420152567    0.418986776
   34.011588888    0.420457195    0.419441194
   34.140420665    0.420721112    0.419835985
   34.269252441    0.420949100    0.420178764
   34.398084217    0.421146197    0.420476202
   34.526915993    0.421316261    0.420734122
   34.655747769    0.421462927    0.420957624
   34.784579545    0.421589440    0.421151150
   34.913411321    0.421698244    0.421318601
   35.042243097    0.421792161    0.421463376
   35.171074873    0.421872638    0.421588464
   35.299906649    0.421942229    0.421696455
   35.428738425    0.422001580    0.421789630
   35.557570202    0.422053080    0.421869957
   35.686401978    0.422096745    0.421939171
   35.815233754    0.422134834    0.421998763
   35.944065530    0.422166883    0.422050058
   36.072897306    0.422195031    0.422094180
   36.201729082    0.422218494    0.422132131
   36.330560858    0.422239281    0.422164753
   36.459392634    0.422256426    0.422192796
   36.588224410    0.422271768    0.422216886
   36.717056186    0.422284282    0.422237587
   36.845887962    0.422295589    0.422255364
   36.974719739    0.422304717    0.422270637
   37.103551515    0.422313024    0.422283754
   37.232383291    0.422319714    0.422295024
   37.361215067    0.422325989    0.422304706
   37.490046843    0.422331053    0.422313028
   37.618878619    0.422335815    0.422320184
   37.747710395    0.422339742    0.422326339
   37.876542171    0.422343230    0.422331640
   38.005373947    0.422346236    0.422336205
   38.134205723    0.422348750    0.422340146
   38.263037500    0.422351099    0.422343547
   38.391869276    0.422352874    0.422346492
   38.520701052    0.422354756    0.422349040
   38.649532828    0.422355968    0.422351259
   38.778364604    0.422357515    0.422353184
   38.907196380    0.422358300    0.422354863
   39.036028156    0.422359605    0.422356318
   39.164859932    0.422360072    0.422357589
   39.293691708    0.422361195    0.422358686
   39.422523484    0.422361432    0.422359649
   39.551355260    0.422362409    0.422360480
   39.680187037    0.422362487    0.422361214
   39.809018813    0.422363340    0.422361849
   39.937850589    0.422363317    0.422362413
   40.066682365    0.422364057    0.422362900
   40.195514141    0.422363983    0.422363337
   40.324345917    0.422364610    0.422363716
   40.453177693    0.422364526    0.422364057
   40.582009469    0.422365039    0.422364354
   40.710841245    0.422364977    0.422364623
   40.839673021    0.422365373    0.422364860
   40.968504797    0.422365359    0.422365075
   41.097336574    0.422365636    0.422365265
   41.226168350    0.422365687    0.422365439
   41.355000126    0.422365844    0.422365595
   41.483831902    0.422365973    0.422365736
   41.612663678    0.422366012    0.422365866
   41.741495454    0.422366222    0.422365982
   41.870327230    0.422366150    0.422366093
   41.999159006    0.422366441    0.422366189
   42.127990782    0.422366268    0.422366284
   42.256822558    0.422366632    0.422366365
   42.385654334    0.422366373    0.422366448
   42.514486111    0.422366796    0.422366516
   42.643317887    0.422366469    0.422366589
   42.772149663    0.422366936    0.422366648
   42.900981439    0.422366562    0.422366712
   43.029813215    0.422367053    0.422366763
   43.158644991    0.422366654    0.422366820
   43.287476767    0.422367146    0.422366864
   43.416308543    0.422366747    0.422366915
   43.545140319    0.422367219    0.422366953
   43.673972095    0.422366843    0.422366998
   43.802803871    0.422367271    0.422367032
   43.931635648    0.422366940    0.422367072
   44.060467424    0.422367304    0.422367102
   44.189299200    0.422367039    0.422367136
   44.318130976    0.422367322    0.422367164
   44.446962752    0.422367139    0.422367193
   44.575794528    0.422367325    0.422379402
   44.704626304    0.422367237    0.422411917
   44.833458080    0.422367317    0.422464737
   44.962289856    0.422367330    0.422537862
   45.091121632    0.422367301    0.422631294
   45.219953409    0.422367418    0.422745028
   45.348785185    0.422367280    0.422879072
   45.477616961    0.422367496    0.423033416
   45.606448737    0.422367256    0.423208072
   45.735280513    0.422367563    0.423390841
   45.864112289    0.422367232    0.423573618
   45.992944065    0.422647854    0.423756383
   46.121775841    0.423114510    0.423939157
   46.250607617    0.423582015    0.424121919
