    0.000000000    0.439354677    0.441206996
    0.129761600    0.442735987    0.442529692
    0.259523200    0.446115238    0.443852427
    0.389284800    0.449496510    0.445175123
    0.519046400    0.452875816    0.446497856
    0.648808000    0.456257012    0.447820551
    0.778569600    0.457608243    0.449143281
    0.908331200    0.457609058    0.450465977
    1.038092800    0.457608301    0.451788704
    1.167854400    0.457608976    0.453023220
    1.297616000    0.457608368    0.454110793
    1.427377600    0.457608881    0.455051374
    1.557139200    0.457608443    0.455845006
    1.686900800    0.457608776    0.456491652
    1.816662400    0.457608523    0.456991342
    1.946424000    0.457608663    0.457344054
    2.076185600    0.457608602    0.457549802
    2.205947200    0.457608546    0.457608580
    2.335708800    0.457608679    0.457608567
    2.465470400    0.457608429    0.457608559
    2.595232000    0.457608749    0.457608541
    2.724993600    0.457608316    0.457608535
    2.854755201    0.457608808    0.457608512
    2.984516801    0.457608208    0.457608508
    3.114278401    0.457608854    0.457608481
    3.244040001    0.457608110    0.457608477
    3.373801601    0.457608882    0.457608445
    3.503563201    0.457608023    0.457608442
    3.633324801    0.457608892    0.457608406
    3.763086401    0.457607948    0.457608402
    3.892848001    0.457608880    0.457608362
    4.022609601    0.457607888    0.457608356
    4.152371201    0.457608846    0.457608312
    4.282132801    0.457607841    0.457608303
    4.411894401    0.457608787    0.457608255
    4.541656001    0.457607806    0.457608241
    4.671417601    0.457608703    0.457608189
    4.801179201    0.457607782    0.457608168
    4.930940801    0.457608593    0.457608111
    5.060702401    0.457607766    0.457608081
    5.190464001    0.457608458    0.457608018
    5.320225601    0.457607752    0.457607976
    5.449987201    0.457608295    0.457607905
    5.579748801    0.457607735    0.457607847
    5.709510401    0.457608105    0.457607764
    5.839272001    0.457607708    0.457607686
    5.969033601    0.457607883    0.457607586
    6.098795201    0.457607659    0.457607481
    6.228556801    0.457607627    0.457607359
    6.358318401    0.457607577    0.457607219
    6.488080001    0.457607329    0.457607063
    6.617841601    0.457607446    0.457606876
    6.747603201    0.457606977    0.457606674
    6.877364801    0.457607243    0.457606425
    7.007126401    0.457606556    0.457606156
    7.136888001    0.457606942    0.457605822
    7.266649601    0.457606039    0.457605461
    7.396411201    0.457606506    0.457605012
    7.526172801    0.457605391    0.457604524
    7.655934401    0.457605885    0.457603922
    7.785696001    0.457604559    0.457603257
    7.915457601    0.457605014    0.457602443
    8.045219201    0.457603470    0.457601528
    8.174980801    0.457603800    0.457600419
    8.304742401    0.457602019    0.457599156
    8.434504002    0.457602117    0.457597634
    8.564265602    0.457600058    0.457595883
    8.694027202    0.457599791    0.457593786
    8.823788802    0.457597394    0.457591352
    8.953550402    0.457596646    0.457588449
    9.083312002    0.457593822    0.457585059
    9.213073602    0.457592321    0.457581029
    9.342835202    0.457588852    0.457576299
    9.472596802    0.457586305    0.457570690
    9.602358402    0.457581920    0.457564083
    9.732120002    0.457577938    0.457556257
    9.861881602    0.457572236    0.457547018
    9.991643202    0.457566292    0.457536081
   10.121404802    0.457558692    0.457523147
   10.251166402    0.457550061    0.457507839
   10.380928002    0.457539738    0.457489714
   10.510689602    0.457527418    0.457468258
   10.640451202    0.457513196    0.457442838
   10.770212802    0.457495784    0.457412743
   10.899974402    0.457475991    0.457377077
   11.029736002    0.457451522    0.457334852
   11.159497602    0.457423806    0.457284808
   11.289259202    0.457389521    0.457225564
   11.419020802    0.457350564    0.457155372
   11.548782402    0.457302573    0.457072296
   11.678544002    0.457247697    0.456973922
   11.808305602    0.457180524    0.456857550
   11.938067202    0.457103171    0.456719860
   12.067828802    0.457009144    0.456557105
   12.197590402    0.456900153    0.456364735
   12.327352002    0.456768533    0.456137576
   12.457113602    0.456615115    0.455869408
   12.586875202    0.456430921    0.455553104
   12.716636802    0.456215328    0.455180165
   12.846398402    0.455957806    0.454740778
   12.976160002    0.455655553    0.454223317
   13.105921602    0.455296081    0.453614272
   13.235683202    0.454873513    0.452897698
   13.365444802    0.454372860    0.452054966
   13.495206402    0.453784063    0.451064117
   13.624968002    0.453088690    0.449899360
   13.754729602    0.452271110    0.448530279
   13.884491202    0.451308143    0.446920969
   14.014252803    0.450176517    0.445029000
   14.144014403    0.448846221    0.442804047
   14.273776003    0.447283620    0.440186466
   14.403537603    0.445448957    0.437105290
   14.533299203    0.443294525    0.433476293
   14.663060803    0.440766505    0.429199178
   14.792822403    0.437797683    0.424154863
   14.922584003    0.434313654    0.418201377
   15.052345603    0.430219731    0.411169616
   15.182107203    0.425411276    0.402857016
   15.311868803    0.419754421    0.393022963
   15.441630403    0.413099824    0.381386215
   15.571392003    0.405256995    0.367625684
   15.701153603    0.396010957    0.351380290
   15.830915203    0.385090760    0.332253447
   15.960676803    0.372188623    0.309809345
   16.090438403    0.356922442    0.283543156
   16.220200003    0.338854278    0.252842011
   16.349961603    0.317442679    0.216944345
   16.479723203    0.292053562    0.174911313
   16.609484803    0.261898882    0.125669082
   16.739246403    0.226087890    0.068230060
   16.869008003    0.183662933    0.002054129
   16.998769603    0.133684311   -0.072673715
   17.128531203    0.075202154   -0.154851982
   17.258292803    0.007366239   -0.242446378
   17.388054403   -0.070765379   -0.332830308
   17.517816003   -0.160827833   -0.423063716
   17.647577603   -0.265359833   -0.510148107
   17.777339203   -0.387848642   -0.591316831
   17.907100803   -0.532446072   -0.664269092
   18.036862403   -0.702351583   -0.727537815
   18.166624003   -0.895686220   -0.780566707
   18.296385603   -1.102292008   -0.823532208
   18.426147203   -1.305640582   -0.857099086
   18.555908803   -1.484843153   -0.882070178
   18.685670403   -1.618660134   -0.899119795
   18.815432003   -1.693739648   -0.908725404
   18.945193603   -1.703179759   -0.911187451
   19.074955203   -1.646018552   -0.906642466
   19.204716803   -1.528026369   -0.895066522
   19.334478403   -1.360459318   -0.876269542
   19.464240003   -1.163127080   -0.849880226
   19.594001604   -0.957765630   -0.815384279
   19.723763204   -0.762118637   -0.772349479
   19.853524804   -0.588375254   -0.720783612
   19.983286404   -0.440650796   -0.661412449
   20.113048004   -0.316939041   -0.595868307
   20.242809604   -0.213562776   -0.526709062
   20.372571204   -0.127392457   -0.457072760
   20.502332804   -0.056293167   -0.390423040
   20.632094404    0.000886882   -0.330328663
   20.761856004    0.044481886   -0.280216979
   20.891617604    0.074508187   -0.243174366
   21.021379204    0.091055198   -0.221578256
   21.151140804    0.094114184   -0.216873290
   21.280902404    0.083722950   -0.229422356
   21.410664004    0.059896158   -0.258426274
   21.540425604    0.022672117   -0.302070019
   21.670187204   -0.027997501   -0.357668867
   21.799948804   -0.092104699   -0.421975405
   21.929710404   -0.170236203   -0.491499147
   22.059472004   -0.263847874   -0.562687912
   22.189233604   -0.375457656   -0.632195418
   22.318995204   -0.508479219   -0.697066655
   22.448756804   -0.666416537   -0.755066394
   22.578518404   -0.849551415   -0.804917773
   22.708280004   -1.050747150   -0.846179368
   22.838041604   -1.255465379   -0.879044450
   22.967803204   -1.444456930   -0.904024692
   23.097564804   -1.595712535   -0.921631091
   23.227326404   -1.692613149   -0.932233330
   23.357088004   -1.726438535   -0.936064287
   23.486849604   -1.693634745   -0.933234203
   23.616611204   -1.597785769   -0.923735928
   23.746372804   -1.447556568   -0.907438349
   23.876134404   -1.259485805   -0.884071127
   24.005896004   -1.055526516   -0.853222847
   24.135657604   -0.854902496   -0.814486139
   24.265419204   -0.672173952   -0.767792744
   24.395180804   -0.514649406   -0.713752718
   24.524942404   -0.382275050   -0.653890397
   24.654704004   -0.271849002   -0.590806067
   24.784465604   -0.180216708   -0.527987939
   24.914227204   -0.105144275   -0.469470546
   25.043988804   -0.045387548   -0.419477070
   25.173750405   -0.000613335   -0.381774088
   25.303512005    0.028966876   -0.359173388
   25.433273605    0.043093905   -0.353001043
   25.563035205    0.041392885   -0.362772042
   25.692796805    0.023200918   -0.386444822
   25.822558405   -0.012544766   -0.420843790
   25.952320005   -0.067623554   -0.462257279
   26.082081605   -0.144772941   -0.507080936
   26.211843205   -0.247796198   -0.552243928
   26.341604805   -0.380538510   -0.595442563
   26.471366405   -0.543784796   -0.635291701
   26.601128005   -0.730617190   -0.671258311
   26.730889605   -0.927740449   -0.703390628
   26.860651205   -1.117521883   -0.732008950
   26.990412805   -1.280259482   -0.757294006
   27.120174405   -1.399376445   -0.779170507
   27.249936005   -1.463350223   -0.797400969
   27.379697605   -1.467159639   -0.811544061
   27.509459205   -1.413219159   -0.820953605
   27.639220805   -1.310597825   -0.824705297
   27.768982405   -1.173785308   -0.821690007
   27.898744005   -1.021674464   -0.810698983
   28.028505605   -0.872619561   -0.790512132
   28.158267205   -0.739656636   -0.760218422
   28.288028805   -0.629254524   -0.719445884
   28.417790405   -0.538462388   -0.668573894
   28.547552005   -0.461766645   -0.608840671
   28.677313605   -0.396099704   -0.542218304
   28.807075205   -0.337835888   -0.471192023
   28.936836805   -0.284043057   -0.398482249
   29.066598405   -0.231061852   -0.326727979
   29.196360005   -0.178444539   -0.258200162
   29.326121605   -0.127744956   -0.194546182
   29.455883205   -0.079487209   -0.136587391
   29.585644805   -0.033861883   -0.084332818
   29.715406405    0.010027935   -0.037206489
   29.845168005    0.052533884    0.005669207
   29.974929605    0.093604643    0.045060440
   30.104691205    0.132937997    0.081508178
   30.234452805    0.170254255    0.115431533
   30.364214405    0.205165166    0.147101876
   30.493976005    0.237129033    0.176671082
   30.623737605    0.265541977    0.204138639
   30.753499205    0.290256233    0.229490177
   30.883260806    0.311377715    0.252783413
   31.013022406    0.329235616    0.274102901
   31.142784006    0.344248943    0.293544531
   31.272545606    0.356886495    0.311168221
   31.402307206    0.367535948    0.327020620
   31.532068806    0.376531331    0.341152925
   31.661830406    0.384137473    0.353630768
   31.791592006    0.390581990    0.364533770
   31.921353606    0.396048700    0.373959220
   32.051115206    0.400691949    0.382029442
   32.180876806    0.404640843    0.388893446
   32.310638406    0.407999459    0.394707891
   32.440400006    0.410861010    0.399625007
   32.570161606    0.413295613    0.403783733
   32.699923206    0.415372800    0.407304799
   32.829684806    0.417139060    0.410289419
   32.959446406    0.418647661    0.412821846
   33.089208006    0.419928395    0.414972543
   33.218969606    0.421023302    0.416800294
   33.348731206    0.421950508    0.418354594
   33.478492806    0.422744133    0.419676761
   33.608254406    0.423414083    0.420801901
   33.738016006    0.423988472    0.421759322
   33.867777606    0.424471365    0.422574206
   33.997539206    0.424886314    0.423267522
   34.127300806    0.425233479    0.423857492
   34.257062406    0.425532739    0.424359198
   34.386824006    0.425781783    0.424785908
   34.516585606    0.425997357    0.425148507
   34.646347206    0.426175737    0.425456707
   34.776108806    0.426330897    0.425718380
   34.905870406    0.426458550    0.425940654
   35.035632006    0.426570160    0.426129216
   35.165393606    0.426661528    0.426289293
   35.295155206    0.426741780    0.426424989
   35.424916806    0.426807279    0.426540136
   35.554678406    0.426864941    0.426637692
   35.684440006    0.426912034    0.426720456
   35.814201606    0.426953394    0.426790557
   35.943963206    0.426987424    0.426850028
   36.073724806    0.427017001    0.426900403
   36.203486406    0.427041781    0.426943147
   36.333248006    0.427062815    0.426979368
   36.463009607    0.427081050    0.427010109
   36.592771207    0.427095867    0.427036182
   36.722532807    0.427109472    0.427058314
   36.852294407    0.427119754    0.427077111
   36.982056007    0.427130084    0.427093065
   37.111817607    0.427137056    0.427106642
   37.241579207    0.427145059    0.427118160
   37.371340807    0.427149617    0.427127990
   37.501102407    0.427155991    0.427136321
   37.630864007    0.427158836    0.427143457
   37.760625607    0.427163999    0.427149493
   37.890387207    0.427165587    0.427154690
   38.020148807    0.427169845    0.427159071
   38.149910407    0.427170551    0.427162867
   38.279672007    0.427174111    0.427166055
   38.409433607    0.427174222    0.427168839
   38.539195207    0.427177219    0.427171163
   38.668956807    0.427176957    0.427173213
   38.798718407    0.427179484    0.427174913
   38.928480007    0.427179029    0.427176429
   39.058241607    0.427181135    0.427177676
   39.188003207    0.427180610    0.427178800
   39.317764807    0.427182325    0.427179717
   39.447526407    0.427181831    0.427180553
   39.577288007    0.427183176    0.427181230
   39.707049607    0.427182789    0.427181854
   39.836811207    0.427183778    0.427182358
   39.966572807    0.427183551    0.427182825
   40.096334407    0.427184198    0.427183204
   40.226096007    0.427184166    0.427183555
   40.355857607    0.427184487    0.427183843
   40.485619207    0.427184668    0.427184106
   40.615380807    0.427184683    0.427184329
   40.745142407    0.427185082    0.427184525
   40.874904007    0.427184814    0.427184701
   41.004665607    0.427185423    0.427184847
   41.134427207    0.427184904    0.427184988
   41.264188807    0.427185704    0.427185096
   41.393950407    0.427184969    0.427185212
   41.523712007    0.427185933    0.427185291
   41.653473607    0.427185022    0.427185389
   41.783235207    0.427186116    0.427185445
   41.912996807    0.427185072    0.427185531
   42.042758408    0.427186257    0.427185569
   42.172520008    0.427185127    0.427185645
   42.302281608    0.427186360    0.427185671
   42.432043208    0.427185190    0.427185738
   42.561804808    0.427186427    0.427185755
   42.691566408    0.427185264    0.427185815
   42.821328008    0.427186463    0.427185825
   42.951089608    0.427185351    0.427185879
   43.080851208    0.427186470    0.427185885
   43.210612808    0.427185451    0.427185932
   43.340374408    0.427186451    0.427185936
   43.470136008    0.427185563    0.427185978
   43.599897608    0.427186411    0.427185981
   43.729659208    0.427185684    0.427186016
   43.859420808    0.427186354    0.427186020
   43.989182408    0.427185812    0.427186049
   44.118944008    0.427186283    0.427186054
   44.248705608    0.427185943    0.427186077
   44.378467208    0.427186202    0.427186084
   44.508228808    0.427186075    0.427186101
   44.637990408    0.427186117    0.427186110
   44.767752008    0.427186203    0.427186122
   44.897513608    0.427186031    0.427274314
   45.027275208    0.427186324    0.427509469
   45.157036808    0.427185948    0.427891601
   45.286798408    0.427186435    0.428420688
   45.416560008    0.427185873    0.429096759
   45.546321608    0.427186531    0.429919777
   45.676083208    0.427185807    0.430889787
   45.805844808    0.427186611    0.432006738
   45.935606408    0.427185754    0.433270686
   46.065368008    0.427186671    0.434593389
   46.195129608    0.427185716    0.435916126
   46.324891208    0.429214876    0.437238826
   46.454652808    0.432594134    0.438561563
   46.584414408    0.435975442    0.439884260
