    0.000000000    0.398338915    0.397206476
    0.130712043    0.396209567    0.396335282
    0.261424086    0.394079758    0.395464087
    0.392136129    0.391950375    0.394592892
    0.522848172    0.389820601    0.393721696
    0.653560215    0.387691180    0.392850500
    0.784272258    0.386839197    0.391979304
    0.914984301    0.386839321    0.391108107
    1.045696344    0.386839214    0.390265949
    1.176408387    0.386839292    0.389501230
    1.307120430    0.386839229    0.388833310
    1.437832473    0.386839262    0.388262189
    1.568544516    0.386839243    0.387787867
    1.699256559    0.386839229    0.387410344
    1.829968601    0.386839255    0.387129619
    1.960680644    0.386839194    0.386945693
    2.091392687    0.386839263    0.386858566
    2.222104730    0.386839158    0.386839197
    2.352816773    0.386839268    0.386839188
    2.483528816    0.386839120    0.386839177
    2.614240859    0.386839268    0.386839166
    2.744952902    0.386839081    0.386839153
    2.875664945    0.386839263    0.386839140
    3.006376988    0.386839040    0.386839125
    3.137089031    0.386839252    0.386839109
    3.267801074    0.386838998    0.386839090
    3.398513117    0.386839233    0.386839071
    3.529225160    0.386838952    0.386839048
    3.659937203    0.386839205    0.386839024
    3.790649246    0.386838903    0.386838997
    3.921361289    0.386839166    0.386838967
    4.052073332    0.386838849    0.386838933
    4.182785375    0.386839114    0.386838896
    4.313497418    0.386838787    0.386838854
    4.444209461    0.386839047    0.386838808
    4.574921504    0.386838714    0.386838754
    4.705633547    0.386838959    0.386838695
    4.836345590    0.386838626    0.386838627
    4.967057633    0.386838848    0.386838551
    5.097769676    0.386838517    0.386838463
    5.228481719    0.386838705    0.386838364
    5.359193762    0.386838378    0.386838251
    5.489905804    0.386838523    0.386838122
    5.620617847    0.386838199    0.386837973
    5.751329890    0.386838287    0.386837804
    5.882041933    0.386837964    0.386837608
    6.012753976    0.386837983    0.386837384
    6.143466019    0.386837654    0.386837125
    6.274178062    0.386837588    0.386836826
    6.404890105    0.386837242    0.386836481
    6.535602148    0.386837069    0.386836083
    6.666314191    0.386836690    0.386835622
    6.797026234    0.386836387    0.386835088
    6.927738277    0.386835949    0.386834469
    7.058450320    0.386835483    0.386833751
    7.189162363    0.386834951    0.386832918
    7.319874406    0.386834280    0.386831950
    7.450586449    0.386833605    0.386830826
    7.581298492    0.386832671    0.386829522
    7.712010535    0.386831785    0.386828008
    7.842722578    0.386830513    0.386826247
    7.973434621    0.386829322    0.386824197
    8.104146664    0.386827606    0.386821810
    8.234858707    0.386825983    0.386819029
    8.365570750    0.386823682    0.386815786
    8.496282793    0.386821452    0.386812003
    8.626994836    0.386818371    0.386807589
    8.757706879    0.386815297    0.386802436
    8.888418922    0.386811200    0.386796421
    9.019130965    0.386807063    0.386789396
    9.149843007    0.386801557    0.386781189
    9.280555050    0.386795781    0.386771604
    9.411267093    0.386788358    0.386760403
    9.541979136    0.386780367    0.386747318
    9.672691179    0.386770331    0.386732029
    9.803403222    0.386759299    0.386714167
    9.934115265    0.386745697    0.386693298
   10.064827308    0.386730503    0.386668922
   10.195539351    0.386712037    0.386640451
   10.326251394    0.386691146    0.386607207
   10.456963437    0.386666033    0.386568396
   10.587675480    0.386637351    0.386523101
   10.718387523    0.386603167    0.386470262
   10.849099566    0.386563860    0.386408648
   10.979811609    0.386517317    0.386336835
   11.110523652    0.386463545    0.386253180
   11.241235695    0.386400181    0.386155783
   11.371947738    0.386326740    0.386042456
   11.502659781    0.386240530    0.385910669
   11.633371824    0.386140435    0.385757513
   11.764083867    0.386023316    0.385579631
   11.894795910    0.385887239    0.385373161
   12.025507953    0.385728443    0.385133656
   12.156219996    0.385543951    0.384856001
   12.286932039    0.385329163    0.384534304
   12.417644082    0.385079787    0.384161779
   12.548356125    0.384790094    0.383730604
   12.679068168    0.384454091    0.383231765
   12.809780210    0.384064495    0.382654865
   12.940492253    0.383613109    0.381987897
   13.071204296    0.383090554    0.381216980
   13.201916339    0.382485805    0.380326042
   13.332628382    0.381786688    0.379296439
   13.463340425    0.380978480    0.378106514
   13.594052468    0.380045227    0.376731060
   13.724764511    0.378967148    0.375140678
   13.855476554    0.377722908    0.373301008
   13.986188597    0.376286247    0.371171797
   14.116900640    0.374628582    0.368705812
   14.247612683    0.372714716    0.365847559
   14.378324726    0.370505967    0.362531807
   14.509036769    0.367954666    0.358681873
   14.639748812    0.365007801    0.354207585
   14.770460855    0.361600238    0.349002832
   14.901172898    0.357658758    0.342942535
   15.031884941    0.353093640    0.335878905
   15.162596984    0.347802680    0.327636707
   15.293309027    0.341660756    0.318008081
   15.424021070    0.334523873    0.306749403
   15.554733113    0.326216972    0.293582214
   15.685445156    0.316538472    0.278198168
   15.816157199    0.305246042    0.260264611
   15.946869242    0.292060529    0.239429870
   16.077581285    0.276647173    0.215334243
   16.208293328    0.258616157    0.187617893
   16.339005371    0.237495975    0.155924396
   16.469717413    0.212728005    0.119919024
   16.600429456    0.183627655    0.079324284
   16.731141499    0.149402857    0.033974222
   16.861853542    0.109224448   -0.016098694
   16.992565585    0.062334060   -0.070555446
   17.123277628    0.008111226   -0.128698812
   17.253989671   -0.053967046   -0.189521281
   17.384701714   -0.124300934   -0.251796085
   17.515413757   -0.202944173   -0.314158423
   17.646125800   -0.289967198   -0.375180263
   17.776837843   -0.385287663   -0.433450386
   17.907549886   -0.488196310   -0.487648409
   18.038261929   -0.597075933   -0.536618618
   18.168973972   -0.708863367   -0.579455822
   18.299686015   -0.818160298   -0.615565150
   18.430398058   -0.917195949   -0.644632624
   18.561110101   -0.998356735   -0.666530945
   18.691822144   -1.056047387   -0.681238383
   18.822534187   -1.086737380   -0.688790465
   18.953246230   -1.088497802   -0.689256442
   19.083958273   -1.061199845   -0.682728355
   19.214670316   -1.006573434   -0.669321298
   19.345382359   -0.927915592   -0.649185976
   19.476094402   -0.830417922   -0.622533444
   19.606806445   -0.721388566   -0.589684480
   19.737518488   -0.608794539   -0.551152578
   19.868230531   -0.498615812   -0.507748889
   19.998942574   -0.394465035   -0.460633426
   20.129654616   -0.298518042   -0.411267272
   20.260366659   -0.212041571   -0.361319502
   20.391078702   -0.135706517   -0.312580929
   20.521790745   -0.069969029   -0.266884100
   20.652502788   -0.015375303   -0.226013377
   20.783214831    0.027845481   -0.191617528
   20.913926874    0.059593695   -0.165129472
   21.044638917    0.079821390   -0.147667027
   21.175350960    0.088558634   -0.139944210
   21.306063003    0.085847459   -0.142260223
   21.436775046    0.071680221   -0.154531918
   21.567487089    0.046026441   -0.176280577
   21.698199132    0.008890685   -0.206604475
   21.828911175   -0.039628678   -0.244226946
   21.959623218   -0.099408502   -0.287601642
   22.090335261   -0.170052955   -0.335006371
   22.221047304   -0.251018716   -0.384624544
   22.351759347   -0.341840316   -0.434632455
   22.482471390   -0.441618589   -0.483280377
   22.613183433   -0.548760575   -0.528971579
   22.743895476   -0.660554362   -0.570355702
   22.874607519   -0.772481050   -0.606415251
   23.005319562   -0.877443052   -0.636478206
   23.136031605   -0.967368040   -0.660137495
   23.266743648   -1.035768769   -0.677153954
   23.397455691   -1.078393401   -0.687391960
   23.528167734   -1.092759018   -0.690784359
   23.658879777   -1.077970408   -0.687315623
   23.789591819   -1.034938519   -0.677014538
   23.920303862   -0.966154942   -0.659959765
   24.051015905   -0.875877955   -0.636294928
   24.181727948   -0.770617350   -0.606262005
   24.312439991   -0.658475121   -0.570264229
   24.443152034   -0.546588218   -0.528962070
   24.573864077   -0.439503383   -0.483354367
   24.704576120   -0.339958817   -0.434771336
   24.835288163   -0.249550639   -0.384801091
   24.966000206   -0.169176378   -0.335216352
   25.096712249   -0.099270868   -0.287912378
   25.227424292   -0.040340439   -0.244826884
   25.358136335    0.007291525   -0.207834094
   25.488848378    0.043582169   -0.178619324
   25.619560421    0.068551479   -0.158529379
   25.750272464    0.082315258   -0.148419339
   25.880984507    0.085055631   -0.148548325
   26.011696550    0.076872206   -0.158587455
   26.142408593    0.057644372   -0.177733687
   26.273120636    0.026884240   -0.204855251
   26.403832679   -0.016308160   -0.238596693
   26.534544722   -0.073046410   -0.277439977
   26.665256765   -0.144100759   -0.319769622
   26.795968808   -0.229309980   -0.363949365
   26.926680851   -0.327273030   -0.408406834
   27.057392894   -0.435264665   -0.451728980
   27.188104937   -0.548986048   -0.492751634
   27.318816980   -0.661752686   -0.530584637
   27.449529022   -0.766060657   -0.564545099
   27.580241065   -0.855835748   -0.594079573
   27.710953108   -0.927022507   -0.618716881
   27.841665151   -0.976327981   -0.638020347
   27.972377194   -1.001223750   -0.651545032
   28.103089237   -1.000891937   -0.658822244
   28.233801280   -0.976065652   -0.659376235
   28.364513323   -0.929189289   -0.652757442
   28.495225366   -0.864851493   -0.638598611
   28.625937409   -0.789278558   -0.616697187
   28.756649452   -0.708002678   -0.587123763
   28.887361495   -0.624329814   -0.550308786
   29.018073538   -0.540670467   -0.507020943
   29.148785581   -0.458842453   -0.458267600
   29.279497624   -0.379933974   -0.405217311
   29.410209667   -0.304506741   -0.349154518
   29.540921710   -0.232837749   -0.291414293
   29.671633753   -0.164948599   -0.233304206
   29.802345796   -0.100407510   -0.176031067
   29.933057839   -0.039141648   -0.120617284
   30.063769882    0.018553585   -0.067819039
   30.194481925    0.071938370   -0.018108278
   30.325193968    0.120107255    0.028258095
   30.455906011    0.162661429    0.071164871
   30.586618054    0.199627429    0.110602717
   30.717330097    0.231234772    0.146636440
   30.848042140    0.257976388    0.179375067
   30.978754183    0.280477834    0.208952267
   31.109466225    0.299408411    0.235513165
   31.240178268    0.315354775    0.259197471
   31.370890311    0.328810902    0.280136718
   31.501602354    0.340181818    0.298470266
   31.632314397    0.349810408    0.314363351
   31.763026440    0.357977539    0.328020584
   31.893738483    0.364920303    0.339677914
   32.024450526    0.370832024    0.349581189
   32.155162569    0.375875356    0.357971676
   32.285874612    0.380183524    0.365075279
   32.416586655    0.383868766    0.371093390
   32.547298698    0.387024420    0.376198746
   32.678010741    0.389728914    0.380536210
   32.808722784    0.392048802    0.384226657
   32.939434827    0.394039249    0.387371030
   33.070146870    0.395748455    0.390053702
   33.200858913    0.397215424    0.392345236
   33.331570956    0.398475772    0.394304742
   33.462282999    0.399557187    0.395981823
   33.592995042    0.400486453    0.397418226
   33.723707085    0.401283229    0.398649177
   33.854419128    0.401967880    0.399704500
   33.985131171    0.402554023    0.400609496
   34.115843214    0.403057553    0.401385693
   34.246555257    0.403487801    0.402051435
   34.377267300    0.403857360    0.402622394
   34.507979343    0.404172403    0.403111975
   34.638691385    0.404443034    0.403531674
   34.769403428    0.404673092    0.403891345
   34.900115471    0.404870797    0.404199462
   35.030827514    0.405038313    0.404463297
   35.161539557    0.405182419    0.404689110
   35.292251600    0.405304079    0.404882277
   35.422963643    0.405408927    0.405047435
   35.553675686    0.405497084    0.405188568
   35.684387729    0.405573253    0.405309110
   35.815099772    0.405637006    0.405412009
   35.945811815    0.405692283    0.405499806
   36.076523858    0.405738327    0.405574680
   36.207235901    0.405778425    0.405638505
   36.337947944    0.405811656    0.405692889
   36.468659987    0.405840733    0.405739212
   36.599372030    0.405864705    0.405778658
   36.730084073    0.405885777    0.405812242
   36.860796116    0.405903076    0.405840828
   36.991508159    0.405918342    0.405865159
   37.122220202    0.405930844    0.405885866
   37.252932245    0.405941893    0.405903486
   37.383644288    0.405950950    0.405918481
   37.514356331    0.405958927    0.405931241
   37.645068374    0.405965514    0.405942102
   37.775780417    0.405971253    0.405951347
   37.906492460    0.405976079    0.405959219
   38.037204503    0.405980262    0.405965922
   38.167916546    0.405983921    0.405971632
   38.298628588    0.405986906    0.405976498
   38.429340631    0.405989668    0.405980646
   38.560052674    0.405991741    0.405984184
   38.690764717    0.405993822    0.405987204
   38.821476760    0.405995227    0.405989782
   38.952188803    0.405996857    0.405991986
   39.082900846    0.405997775    0.405993870
   39.213612889    0.405999084    0.405995483
   39.344324932    0.405999643    0.405996865
   39.475036975    0.406000723    0.405998049
   39.605749018    0.406001016    0.405999061
   39.736461061    0.406001932    0.405999928
   39.867173104    0.406002031    0.406000669
   39.997885147    0.406002825    0.406001305
   40.128597190    0.406002786    0.406001850
   40.259309233    0.406003487    0.406002319
   40.390021276    0.406003351    0.406002722
   40.520733319    0.406003979    0.406003070
   40.651445362    0.406003779    0.406003369
   40.782157405    0.406004344    0.406003628
   40.912869448    0.406004107    0.406003852
   41.043581491    0.406004616    0.406004046
   41.174293534    0.406004362    0.406004214
   41.305005577    0.406004817    0.406004361
   41.435717620    0.406004565    0.406004488
   41.566429663    0.406004967    0.406004600
   41.697141706    0.406004729    0.406004698
   41.827853749    0.406005077    0.406004784
   41.958565791    0.406004865    0.406004859
   42.089277834    0.406005158    0.406004926
   42.219989877    0.406004981    0.406004984
   42.350701920    0.406005217    0.406005037
   42.481413963    0.406005080    0.406005083
   42.612126006    0.406005258    0.406005125
   42.742838049    0.406005167    0.406005163
   42.873550092    0.406005287    0.406005196
   43.004262135    0.406005245    0.406005227
   43.134974178    0.406005307    0.406005254
   43.265686221    0.406005315    0.406005280
   43.396398264    0.406005321    0.406005302
   43.527110307    0.406005378    0.406005324
   43.657822350    0.406005329    0.406005343
   43.788534393    0.406005435    0.406005361
   43.919246436    0.406005334    0.406005377
   44.049958479    0.406005486    0.406005392
   44.180670522    0.406005338    0.406005406
   44.311382565    0.406005531    0.406005419
   44.442094608    0.406005340    0.406005431
   44.572806651    0.406005571    0.406005442
   44.703518694    0.406005343    0.406005452
   44.834230737    0.406005605    0.406005462
   44.964942780    0.406005346    0.406005471
   45.095654823    0.406005633    0.406005480
   45.226366866    0.406005350    0.405976447
   45.357078909    0.406005656    0.405869975
   45.487790952    0.406005356    0.405666703
   45.618502994    0.406005674    0.405366631
   45.749215037    0.406005364    0.404969759
   45.879927080    0.406005685    0.404476087
   46.010639123    0.406005373    0.403885615
   46.141351166    0.406005692    0.403198344
   46.272063209    0.406005384    0.402414272
   46.402775252    0.406005693    0.401562440
   46.533487295    0.406005397    0.400691248
   46.664199338    0.404727936    0.399820056
   46.794911381    0.402598073    0.398948863
   46.925623424    0.400468754    0.398077670
