    0.000000000    0.370795132    0.372219846
    0.132798174    0.373474111    0.373315941
    0.265596349    0.376153808    0.374412034
    0.398394523    0.378832797    0.375508127
    0.531192698    0.381512478    0.376604217
    0.663990872    0.384191479    0.377700307
    0.796789047    0.385263539    0.378796395
    0.929587221    0.385263211    0.379892481
    1.062385396    0.385263517    0.380952030
    1.195183570    0.385263201    0.381914146
    1.327981745    0.385263489    0.382754473
    1.460779919    0.385263187    0.383473009
    1.593578094    0.385263455    0.384069755
    1.726376268    0.385263167    0.384544711
    1.859174443    0.385263413    0.384897876
    1.991972617    0.385263140    0.385129250
    2.124770792    0.385263364    0.385238833
    2.257568966    0.385263105    0.385263161
    2.390367141    0.385263304    0.385263128
    2.523165315    0.385263059    0.385263092
    2.655963490    0.385263232    0.385263050
    2.788761664    0.385263001    0.385263004
    2.921559839    0.385263145    0.385262952
    3.054358013    0.385262927    0.385262894
    3.187156188    0.385263039    0.385262828
    3.319954362    0.385262832    0.385262755
    3.452752537    0.385262909    0.385262672
    3.585550711    0.385262710    0.385262578
    3.718348886    0.385262749    0.385262473
    3.851147060    0.385262555    0.385262353
    3.983945235    0.385262549    0.385262218
    4.116743409    0.385262355    0.385262065
    4.249541584    0.385262298    0.385261892
    4.382339758    0.385262097    0.385261695
    4.515137933    0.385261980    0.385261471
    4.647936107    0.385261764    0.385261216
    4.780734282    0.385261575    0.385260925
    4.913532456    0.385261331    0.385260594
    5.046330630    0.385261057    0.385260216
    5.179128805    0.385260768    0.385259784
    5.311926979    0.385260388    0.385259291
    5.444725154    0.385260034    0.385258727
    5.577523328    0.385259523    0.385258081
    5.710321503    0.385259074    0.385257342
    5.843119677    0.385258397    0.385256494
    5.975917852    0.385257815    0.385255523
    6.108716026    0.385256928    0.385254408
    6.241514201    0.385256162    0.385253129
    6.374312375    0.385255006    0.385251659
    6.507110550    0.385253987    0.385249972
    6.639908724    0.385252482    0.385248032
    6.772706899    0.385251119    0.385245801
    6.905505073    0.385249160    0.385243236
    7.038303248    0.385247332    0.385240284
    7.171101422    0.385244781    0.385236887
    7.303899597    0.385242328    0.385232977
    7.436697771    0.385238997    0.385228475
    7.569495946    0.385235702    0.385223295
    7.702294120    0.385231342    0.385217336
    7.835092295    0.385226920    0.385210476
    7.967890469    0.385221202    0.385202576
    8.100688644    0.385215270    0.385193476
    8.233486818    0.385207752    0.385182991
    8.366284993    0.385199798    0.385170909
    8.499083167    0.385189890    0.385156986
    8.631881342    0.385179237    0.385140941
    8.764679516    0.385166159    0.385122452
    8.897477691    0.385151967    0.385101148
    9.030275865    0.385134889    0.385076607
    9.163074040    0.385115995    0.385048340
    9.295872214    0.385093328    0.385015793
    9.428670389    0.385068060    0.384978329
    9.561468563    0.385037993    0.384935220
    9.694266738    0.385004266    0.384885639
    9.827064912    0.384964408    0.384828641
    9.959863086    0.384919468    0.384763155
   10.092661261    0.384866670    0.384687958
   10.225459435    0.384806916    0.384601665
   10.358257610    0.384737066    0.384502702
   10.491055784    0.384657798    0.384389285
   10.623853959    0.384565536    0.384259392
   10.756652133    0.384460645    0.384110743
   10.889450308    0.384339032    0.383940755
   11.022248482    0.384200654    0.383746511
   11.155046657    0.384040799    0.383524714
   11.287844831    0.383858874    0.383271640
   11.420643006    0.383649398    0.382983083
   11.553441180    0.383411061    0.382654293
   11.686239355    0.383137447    0.382279905
   11.819037529    0.382826330    0.381853858
   11.951835704    0.382470142    0.381369300
   12.084633878    0.382065470    0.380818485
   12.217432053    0.381603287    0.380192647
   12.350230227    0.381078642    0.379481858
   12.483028402    0.380480684    0.378674864
   12.615826576    0.379802494    0.377758892
   12.748624751    0.379030911    0.376719425
   12.881422925    0.378156449    0.375539946
   13.014221100    0.377162953    0.374201641
   13.147019274    0.376037580    0.372683046
   13.279817449    0.374760321    0.370959649
   13.412615623    0.373313975    0.369003448
   13.545413798    0.371673485    0.366782463
   13.678211972    0.369815822    0.364260213
   13.811010147    0.367709163    0.361395117
   13.943808321    0.365322786    0.358139806
   14.076606496    0.362615905    0.354440289
   14.209404670    0.359547198    0.350234959
   14.342202845    0.356064017    0.345453357
   14.475001019    0.352111022    0.340014661
   14.607799194    0.347619321    0.333825801
   14.740597368    0.342514990    0.326779084
   14.873395542    0.336708607    0.318749175
   15.006193717    0.330103663    0.309589271
   15.138991891    0.322586111    0.299126214
   15.271790066    0.314031610    0.287154241
   15.404588240    0.304294003    0.273426971
   15.537386415    0.293210448    0.257647095
   15.670184589    0.280588440    0.239454075
   15.802982764    0.266208403    0.218413523
   15.935780938    0.249808382    0.194016714
   16.068579113    0.231082331    0.165682537
   16.201377287    0.209659994    0.132777614
   16.334175462    0.185098311    0.094713704
   16.466973636    0.156853363    0.051082754
   16.599771811    0.124261470    0.001728432
   16.732569985    0.086496685   -0.053261548
   16.865368160    0.042535369   -0.113556614
   16.998166334   -0.008911218   -0.178527646
   17.130964509   -0.069418565   -0.247222498
   17.263762683   -0.140754500   -0.318418399
   17.396560858   -0.224530039   -0.390699219
   17.529359032   -0.322443400   -0.462526880
   17.662157207   -0.435238931   -0.532319158
   17.794955381   -0.560349514   -0.598534599
   17.927753556   -0.692600012   -0.659747734
   18.060551730   -0.826300382   -0.714721940
   18.193349905   -0.956641004   -0.762479999
   18.326148079   -1.078016285   -0.802324523
   18.458946254   -1.183204665   -0.833780866
   18.591744428   -1.265569947   -0.856549200
   18.724542603   -1.320252861   -0.870512099
   18.857340777   -1.344086434   -0.875717581
   18.990138952   -1.335439936   -0.872277786
   19.122937126   -1.294677968   -0.860258146
   19.255735301   -1.224043123   -0.839713380
   19.388533475   -1.127383146   -0.810817739
   19.521331650   -1.010367063   -0.773934706
   19.654129824   -0.880229378   -0.729614922
   19.786927998   -0.743897630   -0.678608020
   19.919726173   -0.606557302   -0.621931022
   20.052524347   -0.473579205   -0.560903739
   20.185322522   -0.350961391   -0.497105952
   20.318120696   -0.243364377   -0.432309261
   20.450918871   -0.152258094   -0.368415141
   20.583717045   -0.076560072   -0.307387614
   20.716515220   -0.015058643   -0.251179099
   20.849313394    0.033517306   -0.201660430
   20.982111569    0.070435773   -0.160542032
   21.114909743    0.096693313   -0.129295797
   21.247707918    0.112953081   -0.109089136
   21.380506092    0.119613903   -0.100714387
   21.513304267    0.116811923   -0.104502207
   21.646102441    0.104467914   -0.120261769
   21.778900616    0.082247198   -0.147316872
   21.911698790    0.049567707   -0.184593739
   22.044496965    0.005525561   -0.230696136
   22.177295139   -0.051072009   -0.283969577
   22.310093314   -0.121532790   -0.342574647
   22.442891488   -0.207007925   -0.404567345
   22.575689663   -0.308754185   -0.467968485
   22.708487837   -0.426279709   -0.530836799
   22.841286012   -0.555686291   -0.591343405
   22.974084186   -0.691114305   -0.647836789
   23.106882361   -0.826847024   -0.698910281
   23.239680535   -0.957903275   -0.743459301
   23.372478710   -1.077901346   -0.780673417
   23.505276884   -1.179422259   -0.809968799
   23.638075059   -1.256227861   -0.830959886
   23.770873233   -1.303936582   -0.843470566
   23.903671408   -1.319789019   -0.847493975
   24.036469582   -1.302732049   -0.843071560
   24.169267757   -1.253827379   -0.830212996
   24.302065931   -1.175896330   -0.808975585
   24.434864105   -1.073386729   -0.779584691
   24.567662280   -0.952567077   -0.742473800
   24.700460454   -0.820874678   -0.698273788
   24.833258629   -0.684731551   -0.647842416
   24.966056803   -0.549171988   -0.592334009
   25.098854978   -0.419982280   -0.533210042
   25.231653152   -0.303092443   -0.472185078
   25.364451327   -0.202478274   -0.411163162
   25.497249501   -0.118697546   -0.352170492
   25.630047676   -0.050559536   -0.297260646
   25.762845850    0.003039599   -0.248402850
   25.895644025    0.043359176   -0.207373844
   26.028442199    0.071558657   -0.175651163
   26.161240374    0.088491574   -0.154295077
   26.294038548    0.094684208   -0.143870123
   26.426836723    0.090362087   -0.144474359
   26.559634897    0.075442320   -0.155795010
   26.692433072    0.049491668   -0.177095985
   26.825231246    0.011747020   -0.207203057
   26.958029421   -0.038590603   -0.244612537
   27.090827595   -0.101935578   -0.287685585
   27.223625770   -0.178045140   -0.334798533
   27.356423944   -0.265961620   -0.384442774
   27.489222119   -0.364194235   -0.435297852
   27.622020293   -0.469579736   -0.486241936
   27.754818468   -0.577328543   -0.536289947
   27.887616642   -0.683161353   -0.584530458
   28.020414817   -0.784101570   -0.630094477
   28.153212991   -0.876216032   -0.672125536
   28.286011166   -0.954065876   -0.709751337
   28.418809340   -1.013127037   -0.742074742
   28.551607515   -1.051344175   -0.768195501
   28.684405689   -1.069145460   -0.787253545
   28.817203864   -1.068802383   -0.798476438
   28.950002038   -1.053903209   -0.801238547
   29.082800213   -1.027586271   -0.795172929
   29.215598387   -0.991350421   -0.780295152
   29.348396561   -0.946185764   -0.756998183
   29.481194736   -0.892826681   -0.725906022
   29.613992910   -0.831605928   -0.687781100
   29.746791085   -0.762690631   -0.643556804
   29.879589259   -0.686382767   -0.594340117
   30.012387434   -0.603456812   -0.541328200
   30.145185608   -0.515077819   -0.485702023
   30.277983783   -0.422736249   -0.428537474
   30.410781957   -0.328952388   -0.370742130
   30.543580132   -0.237934383   -0.313042516
   30.676378306   -0.154351704   -0.256037233
   30.809176481   -0.081071580   -0.200250238
   30.941974655   -0.018136275   -0.146151736
   31.074772830    0.035315283   -0.094175842
   31.207571004    0.080271797   -0.044735589
   31.340369179    0.118069550    0.001774730
   31.473167353    0.149983586    0.044992081
   31.605965528    0.177078546    0.084603288
   31.738763702    0.200213778    0.120360477
   31.871561877    0.220075760    0.152111196
   32.004360051    0.237217777    0.179859613
   32.137158226    0.252077996    0.203814857
   32.269956400    0.265013586    0.224360117
   32.402754575    0.276308056    0.241947103
   32.535552749    0.286198680    0.257010993
   32.668350924    0.294875880    0.269946731
   32.801149098    0.302504737    0.281097998
   32.933947273    0.309219165    0.290750503
   33.066745447    0.315139306    0.299137994
   33.199543622    0.320362916    0.306451555
   33.332341796    0.324980103    0.312848075
   33.465139971    0.329063466    0.318457091
   33.597938145    0.332681171    0.323386342
   33.730736320    0.335887003    0.327726137
   33.863534494    0.338732519    0.331552804
   33.996332669    0.341257632    0.334931347
   34.129130843    0.343501931    0.337917505
   34.261929017    0.345495179    0.340559344
   34.394727192    0.347268184    0.342898496
   34.527525366    0.348843557    0.344971142
   34.660323541    0.350245436    0.346808803
   34.793121715    0.351490977    0.348438987
   34.925919890    0.352599284    0.349885739
   35.058718064    0.353583527    0.351170107
   35.191516239    0.354459033    0.352310555
   35.324314413    0.355235966    0.353323315
   35.457112588    0.355926645    0.354222691
   35.589910762    0.356538885    0.355021311
   35.722708937    0.357082630    0.355730346
   35.855507111    0.357563948    0.356359695
   35.988305286    0.357990945    0.356918138
   36.121103460    0.358368361    0.357413475
   36.253901635    0.358702780    0.357852644
   36.386699809    0.358997873    0.358241823
   36.519497984    0.359258963    0.358586518
   36.652296158    0.359488914    0.358891640
   36.785094333    0.359692053    0.359161565
   36.917892507    0.359870648    0.359400200
   37.050690682    0.360028190    0.359611033
   37.183488856    0.360166467    0.359797176
   37.316287031    0.360288253    0.359961406
   37.449085205    0.360394978    0.360106203
   37.581883380    0.360488831    0.360233775
   37.714681554    0.360570990    0.360346094
   37.847479729    0.360643146    0.360444913
   37.980277903    0.360706276    0.360531797
   38.113076078    0.360761635    0.360608142
   38.245874252    0.360810062    0.360675186
   38.378672427    0.360852512    0.360734029
   38.511470601    0.360889669    0.360785646
   38.644268776    0.360922125    0.360830904
   38.777066950    0.360950582    0.360870567
   38.909865125    0.360975358    0.360905314
   39.042663299    0.360997137    0.360935745
   39.175461473    0.361016012    0.360962388
   39.308259648    0.361032673    0.360985710
   39.441057822    0.361047085    0.361006119
   39.573855997    0.361059961    0.361023978
   39.706654171    0.361070942    0.361039602
   39.839452346    0.361080843    0.361053270
   39.972250520    0.361089174    0.361065225
   40.105048695    0.361096804    0.361075681
   40.237846869    0.361103105    0.361084826
   40.370645044    0.361109010    0.361092826
   40.503443218    0.361113763    0.361099824
   40.636241393    0.361118357    0.361105948
   40.769039567    0.361121921    0.361111308
   40.901837742    0.361125516    0.361116000
   41.034635916    0.361128168    0.361120105
   41.167434091    0.361131005    0.361123697
   41.300232265    0.361132959    0.361126841
   41.433030440    0.361135222    0.361129594
   41.565828614    0.361136638    0.361132004
   41.698626789    0.361138463    0.361134115
   41.831424963    0.361139464    0.361135964
   41.964223138    0.361140957    0.361137585
   42.097021312    0.361141638    0.361139005
   42.229819487    0.361142881    0.361140251
   42.362617661    0.361143315    0.361141343
   42.495415836    0.361144367    0.361142302
   42.628214010    0.361144608    0.361143144
   42.761012185    0.361145515    0.361143883
   42.893810359    0.361145608    0.361144532
   43.026608534    0.361146406    0.361145103
   43.159406708    0.361146383    0.361145605
   43.292204883    0.361147098    0.361146046
   43.425003057    0.361146984    0.361146434
   43.557801232    0.361147636    0.361146777
   43.690599406    0.361147452    0.361147078
   43.823397581    0.361148057    0.361147344
   43.956195755    0.361147818    0.361147578
   44.088993929    0.361148386    0.361147784
   44.221792104    0.361148104    0.361147967
   44.354590278    0.361148643    0.361148128
   44.487388453    0.361148328    0.361148271
   44.620186627    0.361148845    0.361148397
   44.752984802    0.361148505    0.361148508
   44.885782976    0.361149005    0.361148607
   45.018581151    0.361148645    0.361148694
   45.151379325    0.361149130    0.361148772
   45.284177500    0.361148756    0.361148840
   45.416975674    0.361149228    0.361148901
   45.549773849    0.361148845    0.361148955
   45.682572023    0.361149305    0.361149003
   45.815370198    0.361148915    0.361149045
   45.948168372    0.361149366    0.361185619
   46.080966547    0.361148972    0.361319619
   46.213764721    0.361149412    0.361575404
   46.346562896    0.361149017    0.361952973
   46.479361070    0.361149447    0.362452327
   46.612159245    0.361149053    0.363073467
   46.744957419    0.361149472    0.363816392
   46.877755594    0.361149082    0.364681103
   47.010553768    0.361149489    0.365667601
   47.143351943    0.361149104    0.366739348
   47.276150117    0.361149500    0.367835451
   47.408948292    0.362756726    0.368931552
   47.541746466    0.365436450    0.370027651
   47.674544641    0.368115420    0.371123749
