    0.000000000    0.404537374    0.404784179
    0.131223739    0.405001489    0.404974078
    0.262447478    0.405465726    0.405163977
    0.393671216    0.405929924    0.405353874
    0.524894955    0.406394076    0.405543772
    0.656118694    0.406858356    0.405733668
    0.787342433    0.407043905    0.405923564
    0.918566171    0.407044071    0.406113459
    1.049789910    0.407043858    0.406297024
    1.181013649    0.407044102    0.406463708
    1.312237388    0.407043810    0.406609291
    1.443461126    0.407044129    0.406733774
    1.574684865    0.407043761    0.406837156
    1.705908604    0.407044151    0.406919438
    1.837132343    0.407043711    0.406980618
    1.968356082    0.407044167    0.407020698
    2.099579820    0.407043662    0.407039676
    2.230803559    0.407044175    0.407043884
    2.362027298    0.407043612    0.407043870
    2.493251037    0.407044176    0.407043855
    2.624474775    0.407043563    0.407043838
    2.755698514    0.407044167    0.407043820
    2.886922253    0.407043512    0.407043799
    3.018145992    0.407044148    0.407043776
    3.149369731    0.407043460    0.407043750
    3.280593469    0.407044116    0.407043723
    3.411817208    0.407043404    0.407043691
    3.543040947    0.407044070    0.407043656
    3.674264686    0.407043344    0.407043616
    3.805488424    0.407044007    0.407043572
    3.936712163    0.407043275    0.407043522
    4.067935902    0.407043923    0.407043466
    4.199159641    0.407043195    0.407043402
    4.330383379    0.407043813    0.407043331
    4.461607118    0.407043097    0.407043248
    4.592830857    0.407043672    0.407043156
    4.724054596    0.407042975    0.407043049
    4.855278335    0.407043491    0.407042928
    4.986502073    0.407042817    0.407042788
    5.117725812    0.407043258    0.407042629
    5.248949551    0.407042611    0.407042445
    5.380173290    0.407042958    0.407042235
    5.511397028    0.407042336    0.407041991
    5.642620767    0.407042570    0.407041711
    5.773844506    0.407041968    0.407041386
    5.905068245    0.407042064    0.407041011
    6.036291983    0.407041472    0.407040576
    6.167515722    0.407041401    0.407040072
    6.298739461    0.407040800    0.407039488
    6.429963200    0.407040527    0.407038810
    6.561186939    0.407039888    0.407038021
    6.692410677    0.407039367    0.407037105
    6.823634416    0.407038649    0.407036039
    6.954858155    0.407037822    0.407034798
    7.086081894    0.407036962    0.407033353
    7.217305632    0.407035752    0.407031670
    7.348529371    0.407034663    0.407029708
    7.479753110    0.407032967    0.407027425
    7.610976849    0.407031531    0.407024772
    7.742200587    0.407029209    0.407021686
    7.873424326    0.407027262    0.407018093
    8.004648065    0.407024123    0.407013904
    8.135871804    0.407021436    0.407009018
    8.267095543    0.407017222    0.407003314
    8.398319281    0.407013485    0.406996656
    8.529543020    0.407007841    0.406988877
    8.660766759    0.407002632    0.406979791
    8.791990498    0.406995079    0.406969174
    8.923214236    0.406987993    0.406956773
    9.054437975    0.406978151    0.406942284
    9.185661714    0.406968264    0.406925363
    9.316885453    0.406954953    0.406905604
    9.448109192    0.406941144    0.406882542
    9.579332930    0.406923133    0.406855632
    9.710556669    0.406903938    0.406824251
    9.841780408    0.406879545    0.406787675
    9.973004147    0.406852983    0.406745071
   10.104227885    0.406819941    0.406695477
   10.235451624    0.406783351    0.406637788
   10.366675363    0.406738600    0.406570726
   10.497899102    0.406688399    0.406492828
   10.629122840    0.406627829    0.406402414
   10.760346579    0.406559241    0.406297569
   10.891570318    0.406477395    0.406176090
   11.022794057    0.406384119    0.406035464
   11.154017796    0.406273802    0.405872811
   11.285241534    0.406147534    0.405684846
   11.416465273    0.405999246    0.405467809
   11.547689012    0.405829060    0.405217412
   11.678912751    0.405630348    0.404928748
   11.810136489    0.405401992    0.404596219
   11.941360228    0.405136641    0.404213423
   12.072583967    0.404831574    0.403773055
   12.203807706    0.404478462    0.403266766
   12.335031444    0.404072549    0.402685017
   12.466255183    0.403604204    0.402016881
   12.597478922    0.403066124    0.401249853
   12.728702661    0.402446910    0.400369594
   12.859926400    0.401735984    0.399359668
   12.991150138    0.400919470    0.398201204
   13.122373877    0.399982586    0.396872522
   13.253597616    0.398908090    0.395348673
   13.384821355    0.397675886    0.393600932
   13.516045093    0.396264181    0.391596209
   13.647268832    0.394646146    0.389296443
   13.778492571    0.392793536    0.386657925
   13.909716310    0.390670003    0.383630612
   14.040940049    0.388238683    0.380157359
   14.172163787    0.385451240    0.376173076
   14.303387526    0.382258812    0.371603745
   14.434611265    0.378597069    0.366365263
   14.565835004    0.374400351    0.360362080
   14.697058742    0.369582627    0.353485584
   14.828282481    0.364055381    0.345612187
   14.959506220    0.357705041    0.336601014
   15.090729959    0.350415282    0.326291020
   15.221953697    0.342040928    0.314497252
   15.353177436    0.332434056    0.301005785
   15.484401175    0.321413126    0.285566690
   15.615624914    0.308791495    0.267884201
   15.746848653    0.294340798    0.247602916
   15.878072391    0.277821452    0.224288549
   16.009296130    0.258940543    0.197401392
   16.140519869    0.237384333    0.166266915
   16.271743608    0.212770175    0.130068025
   16.402967346    0.184678257    0.087892160
   16.534191085    0.152592366    0.038830193
   16.665414824    0.115921502   -0.017876874
   16.796638563    0.073917502   -0.082657106
   16.927862301    0.025671022   -0.155416743
   17.059086040   -0.030010649   -0.235401834
   17.190309779   -0.094655830   -0.321201489
   17.321533518   -0.170320430   -0.410864417
   17.452757257   -0.259717083   -0.502053035
   17.583980995   -0.366216908   -0.592215990
   17.715204734   -0.492896235   -0.678785574
   17.846428473   -0.641081422   -0.759375488
   17.977652212   -0.809524803   -0.831951547
   18.108875950   -0.993129910   -0.894980978
   18.240099689   -1.182725309   -0.947545955
   18.371323428   -1.364851558   -0.989347278
   18.502547167   -1.524287835   -1.020564452
   18.633770905   -1.647764663   -1.041657621
   18.764994644   -1.725241935   -1.053172899
   18.896218383   -1.750295273   -1.055572800
   19.027442122   -1.720549841   -1.049109766
   19.158665861   -1.638357342   -1.033771514
   19.289889599   -1.510150445   -1.009335200
   19.421113338   -1.345925545   -0.975495102
   19.552337077   -1.158855547   -0.932035094
   19.683560816   -0.964164459   -0.879028058
   19.814784554   -0.775505190   -0.817040157
   19.946008293   -0.602390091   -0.747279352
   20.077232032   -0.450375825   -0.671600582
   20.208455771   -0.321272694   -0.592397565
   20.339679510   -0.214360464   -0.512458317
   20.470903248   -0.127200019   -0.434805286
   20.602126987   -0.057030017   -0.362515355
   20.733350726   -0.001749841   -0.298546357
   20.864574465    0.040107907   -0.245592955
   20.995798203    0.069477741   -0.205941610
   21.127021942    0.086976625   -0.181305746
   21.258245681    0.092914138   -0.172718334
   21.389469420    0.087421893   -0.180518819
   21.520693158    0.070391502   -0.204361612
   21.651916897    0.041534646   -0.243206437
   21.783140636    0.000255048   -0.295329678
   21.914364375   -0.054366805   -0.358430466
   22.045588114   -0.123783401   -0.429796489
   22.176811852   -0.210088452   -0.506451033
   22.308035591   -0.316037873   -0.585298220
   22.439259330   -0.444084013   -0.663298114
   22.570483069   -0.594957996   -0.737649176
   22.701706807   -0.766865523   -0.805948823
   22.832930546   -0.954251104   -0.866337179
   22.964154285   -1.147597690   -0.917607224
   23.095378024   -1.333223122   -0.959205304
   23.226601762   -1.495832675   -0.991089002
   23.357825501   -1.622162445   -1.013528088
   23.489049240   -1.702172620   -1.026909229
   23.620272979   -1.729407152   -1.031566128
   23.751496718   -1.701511015   -1.027653059
   23.882720456   -1.620898699   -1.015090507
   24.013944195   -1.494093639   -0.993619195
   24.145167934   -1.331200074   -0.962926219
   24.276391673   -1.145551557   -0.922814803
   24.407615411   -0.952517054   -0.873399920
   24.538839150   -0.765872284   -0.815308618
   24.670062889   -0.595220772   -0.749824674
   24.801286628   -0.446210750   -0.678892159
   24.932510366   -0.320709680   -0.605010771
   25.063734105   -0.218065731   -0.531100028
   25.194957844   -0.135885518   -0.460348434
   25.326181583   -0.071484120   -0.396033766
   25.457405322   -0.022820159   -0.341328382
   25.588629060    0.011487621   -0.299100175
   25.719852799    0.032298024   -0.271685855
   25.851076538    0.040108039   -0.260668321
   25.982300277    0.035088443   -0.266705612
   26.113524015    0.017149309   -0.289442982
   26.244747754   -0.014113759   -0.327555236
   26.375971493   -0.059440266   -0.378922389
   26.507195232   -0.120066789   -0.440858990
   26.638418971   -0.197781256   -0.510328644
   26.769642709   -0.294783072   -0.584139005
   26.900866448   -0.413172343   -0.659117398
   27.032090187   -0.554080272   -0.732277338
   27.163313926   -0.716441290   -0.800989739
   27.294537664   -0.896855806   -0.863148940
   27.425761403   -1.087174369   -0.917276766
   27.556985142   -1.274362964   -0.962506906
   27.688208881   -1.444007704   -0.998481916
   27.819432619   -1.583067489   -1.025220469
   27.950656358   -1.680918344   -1.042939608
   28.081880097   -1.729697689   -1.051853674
   28.213103836   -1.725327811   -1.052025519
   28.344327575   -1.668025761   -1.043292274
   28.475551313   -1.562344142   -1.025274422
   28.606775052   -1.417215857   -0.997470730
   28.737998791   -1.245382928   -0.959389468
   28.869222530   -1.061044936   -0.910731342
   29.000446268   -0.876843463   -0.851624542
   29.131670007   -0.703021436   -0.782778807
   29.262893746   -0.547028939   -0.705494074
   29.394117485   -0.412120239   -0.621580502
   29.525341223   -0.297946698   -0.533245366
   29.656564962   -0.202178820   -0.442947753
   29.787788701   -0.121513806   -0.353217696
   29.919012440   -0.052953323   -0.266462266
   30.050236179    0.005794239   -0.184769367
   30.181459917    0.056484177   -0.109723166
   30.312683656    0.100443199   -0.042285735
   30.443907395    0.138718663    0.017199569
   30.575131134    0.172122987    0.068917206
   30.706354872    0.201330103    0.113460642
   30.837578611    0.226881231    0.151672737
   30.968802350    0.249248689    0.184467806
   31.100026089    0.268820788    0.212704036
   31.231249828    0.285948162    0.237115741
   31.362473566    0.300920850    0.258297588
   31.493697305    0.314006720    0.276727102
   31.624921044    0.325427316    0.292792488
   31.756144783    0.335391799    0.306814212
   31.887368521    0.344073181    0.319060776
   32.018592260    0.351637965    0.329760156
   32.149815999    0.358222837    0.339108047
   32.281039738    0.363960144    0.347273844
   32.412263476    0.368955961    0.354405045
   32.543487215    0.373312653    0.360630590
   32.674710954    0.377109740    0.366063482
   32.805934693    0.380424369    0.370802933
   32.937158432    0.383315181    0.374936134
   33.068382170    0.385840201    0.378539746
   33.199605909    0.388043036    0.381681142
   33.330829648    0.389967645    0.384419464
   33.462053387    0.391646728    0.386806524
   33.593277125    0.393113560    0.388887594
   33.724500864    0.394392846    0.390702129
   33.855724603    0.395509949    0.392284435
   33.986948342    0.396483505    0.393664311
   34.118172080    0.397332683    0.394867629
   34.249395819    0.398072154    0.395916874
   34.380619558    0.398716283    0.396831607
   34.511843297    0.399276668    0.397628872
   34.643067036    0.399763872    0.398323525
   34.774290774    0.400187281    0.398928534
   34.905514513    0.400554508    0.399455220
   35.036738252    0.400873374    0.399913479
   35.167961991    0.401149135    0.400311962
   35.299185729    0.401388460    0.400658241
   35.430409468    0.401594691    0.400958942
   35.561633207    0.401773671    0.401219875
   35.692856946    0.401927218    0.401446122
   35.824080684    0.402060607    0.401642137
   35.955304423    0.402174429    0.401811816
   36.086528162    0.402273544    0.401958572
   36.217751901    0.402357545    0.402085391
   36.348975640    0.402430988    0.402194888
   36.480199378    0.402492684    0.402289345
   36.611423117    0.402546984    0.402370758
   36.742646856    0.402592093    0.402440869
   36.873870595    0.402632199    0.402501201
   37.005094333    0.402665040    0.402553078
   37.136318072    0.402694661    0.402597658
   37.267541811    0.402718456    0.402635938
   37.398765550    0.402740344    0.402668792
   37.529989289    0.402757490    0.402696968
   37.661213027    0.402773690    0.402721124
   37.792436766    0.402785972    0.402741820
   37.923660505    0.402797992    0.402759549
   38.054884244    0.402806724    0.402774730
   38.186107982    0.402815736    0.402787727
   38.317331721    0.402822013    0.402798852
   38.448555460    0.402828944    0.402808377
   38.579779199    0.402833461    0.402816529
   38.711002937    0.402838706    0.402823509
   38.842226676    0.402841878    0.402829486
   38.973450415    0.402845862    0.402834607
   39.104674154    0.402848071    0.402838996
   39.235897893    0.402851109    0.402842762
   39.367121631    0.402852638    0.402845994
   39.498345370    0.402854959    0.402848772
   39.629569109    0.402856017    0.402851161
   39.760792848    0.402857786    0.402853217
   39.892016586    0.402858523    0.402854982
   40.023240325    0.402859861    0.402856498
   40.154464064    0.402860390    0.402857799
   40.285687803    0.402861386    0.402858918
   40.416911541    0.402861788    0.402859879
   40.548135280    0.402862507    0.402860707
   40.679359019    0.402862841    0.402861419
   40.810582758    0.402863331    0.402862032
   40.941806497    0.402863640    0.402862561
   41.073030235    0.402863937    0.402863018
   41.204253974    0.402864250    0.402863413
   41.335477713    0.402864384    0.402863753
   41.466701452    0.402864721    0.402864049
   41.597925190    0.402864713    0.402864305
   41.729148929    0.402865088    0.402864528
   41.860372668    0.402864956    0.402864721
   41.991596407    0.402865376    0.402864890
   42.122820146    0.402865136    0.402865036
   42.254043884    0.402865606    0.402865165
   42.385267623    0.402865271    0.402865277
   42.516491362    0.402865789    0.402865377
   42.647715101    0.402865374    0.402865463
   42.778938839    0.402865937    0.402865541
   42.910162578    0.402865453    0.402865608
   43.041386317    0.402866057    0.402865669
   43.172610056    0.402865516    0.402865722
   43.303833794    0.402866155    0.402865770
   43.435057533    0.402865568    0.402865813
   43.566281272    0.402866233    0.402865852
   43.697505011    0.402865612    0.402865886
   43.828728750    0.402866296    0.402865917
   43.959952488    0.402865653    0.402865945
   44.091176227    0.402866345    0.402865971
   44.222399966    0.402865691    0.402865994
   44.353623705    0.402866383    0.402866016
   44.484847443    0.402865728    0.402866035
   44.616071182    0.402866409    0.402866053
   44.747294921    0.402865765    0.402866069
   44.878518660    0.402866426    0.402866084
   45.009742398    0.402865802    0.402866097
   45.140966137    0.402866435    0.402866110
   45.272189876    0.402865841    0.402866121
   45.403413615    0.402866435    0.402872462
   45.534637354    0.402865882    0.402895681
   45.665861092    0.402866427    0.402940000
   45.797084831    0.402865923    0.403005417
   45.928308570    0.402866413    0.403091934
   46.059532309    0.402865966    0.403199550
   46.190756047    0.402866393    0.403328265
   46.321979786    0.402866009    0.403478079
   46.453203525    0.402866368    0.403648993
   46.584427264    0.402866053    0.403834675
   46.715651002    0.402866337    0.404024577
   46.846874741    0.403144615    0.404214478
   46.978098480    0.403609018    0.404404379
   47.109322219    0.404073053    0.404594280
