    0.000000000    0.411576799    0.411491102
    0.129968861    0.411420415    0.411429805
    0.259937722    0.411263534    0.411368516
    0.389906583    0.411107127    0.411307218
    0.519875444    0.410950271    0.411245927
    0.649844305    0.410793832    0.411184627
    0.779813166    0.410730990    0.411123334
    0.909782027    0.410731149    0.411062033
    1.039750888    0.410731001    0.411000738
    1.169719749    0.410731116    0.410943522
    1.299688610    0.410731011    0.410893120
    1.429657471    0.410731076    0.410849524
    1.559626332    0.410731018    0.410812740
    1.689595193    0.410731033    0.410782764
    1.819564054    0.410731023    0.410759598
    1.949532915    0.410730985    0.410743241
    2.079501776    0.410731024    0.410733692
    2.209470637    0.410730934    0.410730954
    2.339439497    0.410731019    0.410730936
    2.469408358    0.410730880    0.410730922
    2.599377219    0.410731008    0.410730900
    2.729346080    0.410730825    0.410730883
    2.859314941    0.410730989    0.410730858
    2.989283802    0.410730767    0.410730838
    3.119252663    0.410730960    0.410730809
    3.249221524    0.410730707    0.410730786
    3.379190385    0.410730921    0.410730752
    3.509159246    0.410730644    0.410730725
    3.639128107    0.410730870    0.410730685
    3.769096968    0.410730578    0.410730652
    3.899065829    0.410730805    0.410730607
    4.029034690    0.410730507    0.410730567
    4.159003551    0.410730725    0.410730514
    4.288972412    0.410730429    0.410730465
    4.418941273    0.410730626    0.410730402
    4.548910134    0.410730341    0.410730342
    4.678878995    0.410730506    0.410730267
    4.808847856    0.410730238    0.410730192
    4.938816717    0.410730361    0.410730101
    5.068785578    0.410730115    0.410730007
    5.198754439    0.410730185    0.410729896
    5.328723300    0.410729964    0.410729777
    5.458692161    0.410729971    0.410729639
    5.588661022    0.410729776    0.410729487
    5.718629883    0.410729710    0.410729314
    5.848598744    0.410729537    0.410729119
    5.978567605    0.410729388    0.410728898
    6.108536466    0.410729230    0.410728647
    6.238505327    0.410728986    0.410728364
    6.368474188    0.410728832    0.410728038
    6.498443049    0.410728482    0.410727670
    6.628411910    0.410728313    0.410727245
    6.758380771    0.410727840    0.410726764
    6.888349631    0.410727631    0.410726206
    7.018318492    0.410727018    0.410725575
    7.148287353    0.410726734    0.410724841
    7.278256214    0.410725953    0.410724006
    7.408225075    0.410725550    0.410723037
    7.538193936    0.410724565    0.410721933
    7.668162797    0.410723982    0.410720651
    7.798131658    0.410722742    0.410719183
    7.928100519    0.410721900    0.410717476
    8.058069380    0.410720335    0.410715514
    8.188038241    0.410719131    0.410713235
    8.318007102    0.410717143    0.410710608
    8.447975963    0.410715441    0.410707555
    8.577944824    0.410712894    0.410704028
    8.707913685    0.410710511    0.410699930
    8.837882546    0.410707240    0.410695187
    8.967851407    0.410704012    0.410689674
    9.097820268    0.410699736    0.410683283
    9.227789129    0.410695216    0.410675853
    9.357757990    0.410689572    0.410667226
    9.487726851    0.410683372    0.410657194
    9.617695712    0.410675879    0.410645533
    9.747664573    0.410667419    0.410631964
    9.877633434    0.410657415    0.410616175
   10.007602295    0.410645908    0.410597793
   10.137571156    0.410632481    0.410576383
   10.267540017    0.410616856    0.410551441
   10.397508878    0.410598760    0.410522368
   10.527477739    0.410577560    0.410488474
   10.657446600    0.410553093    0.410448939
   10.787415461    0.410524332    0.410402826
   10.917384322    0.410491165    0.410349012
   11.047353183    0.410452119    0.410286215
   11.177322044    0.410407052    0.410212905
   11.307290905    0.410353991    0.410127335
   11.437259765    0.410292649    0.410027424
   11.567228626    0.410220468    0.409910794
   11.697197487    0.410136855    0.409774629
   11.827166348    0.410038552    0.409615706
   11.957135209    0.409924447    0.409430229
   12.087104070    0.409790435    0.409213842
   12.217072931    0.409634619    0.408961434
   12.347041792    0.409451838    0.408667137
   12.477010653    0.409239053    0.408324088
   12.606979514    0.408989752    0.407924385
   12.736948375    0.408699302    0.407458807
   12.866917236    0.408359453    0.406916697
   12.996886097    0.407963421    0.406285625
   13.126854958    0.407500699    0.405551169
   13.256823819    0.406961632    0.404696499
   13.386792680    0.406332788    0.403702014
   13.516761541    0.405600651    0.402544800
   13.646730402    0.404747720    0.401198071
   13.776699263    0.403755479    0.399630435
   13.906668124    0.402601049    0.397805029
   14.036636985    0.401258946    0.395678495
   14.166605846    0.399698771    0.393199702
   14.296574707    0.397885455    0.390308310
   14.426543568    0.395777991    0.386932964
   14.556512429    0.393327990    0.382989307
   14.686481290    0.390479445    0.378377430
   14.816450151    0.387165381    0.372979026
   14.946419012    0.383308520    0.366653652
   15.076387873    0.378815685    0.359234375
   15.206356734    0.373578975    0.350522075
   15.336325595    0.367467515    0.340281244
   15.466294456    0.360328761    0.328239871
   15.596263317    0.351977517    0.314093725
   15.726232178    0.342197279    0.297513486
   15.856201039    0.330726516    0.278148337
   15.986169899    0.317259294    0.255635997
   16.116138760    0.301427525    0.229612514
   16.246107621    0.282798349    0.199699747
   16.376076482    0.260849179    0.165512646
   16.506045343    0.234957288    0.126692867
   16.636014204    0.204364827    0.082963790
   16.765983065    0.168216351    0.034225580
   16.895951926    0.125649465   -0.019353271
   17.025920787    0.075897589   -0.077266668
   17.155889648    0.018353283   -0.138636530
   17.285858509   -0.047512961   -0.202252346
   17.415827370   -0.122005840   -0.266683494
   17.545796231   -0.205212115   -0.330402041
   17.675765092   -0.297514193   -0.391875597
   17.805733953   -0.399137954   -0.449663945
   17.935702814   -0.509546398   -0.502538740
   18.065671675   -0.626953073   -0.549577536
   18.195640536   -0.747399868   -0.590183702
   18.325609397   -0.864846044   -0.624045179
   18.455578258   -0.971679381   -0.651067339
   18.585547119   -1.059529296   -0.671287277
   18.715515980   -1.120966508   -0.684796531
   18.845484841   -1.151189883   -0.691700511
   18.975453702   -1.148267280   -0.692100634
   19.105422563   -1.112464261   -0.686106363
   19.235391424   -1.046333652   -0.673834128
   19.365360285   -0.955271121   -0.655403482
   19.495329146   -0.846935011   -0.630965243
   19.625298007   -0.729576990   -0.600754836
   19.755266868   -0.610597636   -0.565183583
   19.885235729   -0.495860202   -0.524926791
   20.015204590   -0.389160988   -0.480989868
   20.145173451   -0.292359547   -0.434738337
   20.275142312   -0.206304500   -0.387854845
   20.405111173   -0.131208685   -0.342223474
   20.535080033   -0.067343866   -0.299793932
   20.665048894   -0.015252804   -0.262488187
   20.795017755    0.024766915   -0.232114726
   20.924986616    0.052533094   -0.210226586
   21.054955477    0.067886283   -0.197987688
   21.184924338    0.070738947   -0.196078462
   21.314893199    0.061060168   -0.204637039
   21.444862060    0.038869870   -0.223246672
   21.574830921    0.004255915   -0.250965183
   21.704799782   -0.042646209   -0.286403546
   21.834768643   -0.101668344   -0.327840601
   21.964737504   -0.172387822   -0.373343484
   22.094706365   -0.254432124   -0.420884231
   22.224675226   -0.347744040   -0.468483290
   22.354644087   -0.451843909   -0.514341938
   22.484612948   -0.565440361   -0.556948821
   22.614581809   -0.685664791   -0.595165378
   22.744550670   -0.807444899   -0.628235073
   22.874519531   -0.923881764   -0.655729944
   23.004488392   -1.026686748   -0.677472470
   23.134457253   -1.107441888   -0.693438750
   23.264426114   -1.159356772   -0.703687826
   23.394394975   -1.177774986   -0.708324188
   23.524363836   -1.160781039   -0.707489256
   23.654332697   -1.110031177   -0.701374121
   23.784301558   -1.029981983   -0.690213656
   23.914270419   -0.927425201   -0.674302828
   24.044239280   -0.811094532   -0.654030265
   24.174208141   -0.689864047   -0.629916131
   24.304177002   -0.571321868   -0.602653544
   24.434145863   -0.461208212   -0.573123609
   24.564114724   -0.362968546   -0.542394787
   24.694083585   -0.278374955   -0.511661710
   24.824052446   -0.208304657   -0.482110751
   24.954021307   -0.153184393   -0.454795807
   25.083990167   -0.113784020   -0.430559822
   25.213959028   -0.091053346   -0.409968441
   25.343927889   -0.085894860   -0.393290693
   25.473896750   -0.099171405   -0.380532719
   25.603865611   -0.131039708   -0.371475713
   25.733834472   -0.180405410   -0.365749995
   25.863803333   -0.244693255   -0.362949842
   25.993772194   -0.319923840   -0.362713999
   26.123741055   -0.400581128   -0.364752590
   26.253709916   -0.479684705   -0.368821249
   26.383678777   -0.549531284   -0.374696506
   26.513647638   -0.603353380   -0.382151177
   26.643616499   -0.636429409   -0.390893459
   26.773585360   -0.646393768   -0.400525267
   26.903554221   -0.633991809   -0.410495679
   27.033523082   -0.602783404   -0.420090254
   27.163491943   -0.558172525   -0.428476574
   27.293460804   -0.506918349   -0.434776341
   27.423429665   -0.455783830   -0.438152350
   27.553398526   -0.409856130   -0.437890944
   27.683367387   -0.371954105   -0.433488118
   27.813336248   -0.343435579   -0.424730148
   27.943305109   -0.324641825   -0.411741201
   28.073273970   -0.314856496   -0.394959107
   28.203242831   -0.312584926   -0.375063815
   28.333211692   -0.315214342   -0.352891664
   28.463180553   -0.319846633   -0.329309336
   28.593149414   -0.323925072   -0.305093061
   28.723118275   -0.325300046   -0.280826259
   28.853087136   -0.322341465   -0.256810655
   28.983055997   -0.313911493   -0.233075291
   29.113024858   -0.299316148   -0.209459762
   29.242993719   -0.278251388   -0.185728952
   29.372962580   -0.250785508   -0.161639235
   29.502931441   -0.217365211   -0.136956458
   29.632900302   -0.178837690   -0.111483128
   29.762869162   -0.136434307   -0.085081725
   29.892838023   -0.091598250   -0.057711255
   30.022806884   -0.045809076   -0.029432929
   30.152775745   -0.000036089   -0.000393517
   30.282744606    0.045440555    0.029189228
   30.412713467    0.090129536    0.059044847
   30.542682328    0.133301023    0.088868189
   30.672651189    0.173854525    0.118335785
   30.802620050    0.210627924    0.147120677
   30.932588911    0.243062045    0.174906643
   31.062557772    0.271030091    0.201403368
   31.192526633    0.294647338    0.226362521
   31.322495494    0.314306469    0.249593727
   31.452464355    0.330554881    0.270972812
   31.582433216    0.343981397    0.290443009
   31.712402077    0.355103088    0.307992038
   31.842370938    0.364337775    0.323621977
   31.972339799    0.372025359    0.337357868
   32.102308660    0.378438559    0.349258049
   32.232277521    0.383801147    0.359429803
   32.362246382    0.388291693    0.368032076
   32.492215243    0.392059476    0.375248869
   32.622184104    0.395222829    0.381270532
   32.752152965    0.397883415    0.386282908
   32.882121826    0.400120725    0.390455380
   33.012090687    0.402005457    0.393933872
   33.142059548    0.403591573    0.396839160
   33.272028409    0.404929158    0.399269768
   33.401997270    0.406055019    0.401306387
   33.531966131    0.407005184    0.403015083
   33.661934992    0.407804873    0.404450307
   33.791903853    0.408480192    0.405656888
   33.921872714    0.409048286    0.406672061
   34.051841575    0.409528348    0.407526648
   34.181810436    0.409931975    0.408246444
   34.311779296    0.410273328    0.408852883
   34.441748157    0.410560190    0.409364018
   34.571717018    0.410803034    0.409794884
   34.701685879    0.411007066    0.410158205
   34.831654740    0.411180012    0.410464584
   34.961623601    0.411325358    0.410723033
   35.091592462    0.411448728    0.410941054
   35.221561323    0.411552501    0.411125042
   35.351530184    0.411640676    0.411280315
   35.481499045    0.411714973    0.411411419
   35.611467906    0.411778128    0.411522132
   35.741436767    0.411831511    0.411615679
   35.871405628    0.411876849    0.411694741
   36.001374489    0.411915361    0.411761607
   36.131343350    0.411947967    0.411818181
   36.261312211    0.411975872    0.411866083
   36.391281072    0.411999350    0.411906668
   36.521249933    0.412019669    0.411941074
   36.651218794    0.412036587    0.411970271
   36.781187655    0.412051467    0.411995057
   36.911156516    0.412063695    0.412016127
   37.041125377    0.412074731    0.412034039
   37.171094238    0.412083553    0.412049296
   37.301063099    0.412091757    0.412062284
   37.431031960    0.412098103    0.412073370
   37.561000821    0.412104253    0.412082819
   37.690969682    0.412108808    0.412090903
   37.820938543    0.412113455    0.412097799
   37.950907404    0.412116713    0.412103714
   38.080876265    0.412120251    0.412108766
   38.210845126    0.412122576    0.412113111
   38.340813987    0.412125289    0.412116826
   38.470782848    0.412126948    0.412120030
   38.600751709    0.412129040    0.412122768
   38.730720570    0.412130227    0.412125136
   38.860689430    0.412131841    0.412127161
   38.990658291    0.412132690    0.412128918
   39.120627152    0.412133887    0.412130421
   39.250596013    0.412134492    0.412131729
   39.380564874    0.412135397    0.412132849
   39.510533735    0.412135860    0.412133826
   39.640502596    0.412136528    0.412134663
   39.770471457    0.412136904    0.412135395
   39.900440318    0.412137379    0.412136025
   40.030409179    0.412137709    0.412136575
   40.160378040    0.412138022    0.412137050
   40.290346901    0.412138334    0.412137464
   40.420315762    0.412138512    0.412137824
   40.550284623    0.412138823    0.412138137
   40.680253484    0.412138889    0.412138414
   40.810222345    0.412139210    0.412138654
   40.940191206    0.412139182    0.412138869
   41.070160067    0.412139518    0.412139054
   41.200128928    0.412139415    0.412139224
   41.330097789    0.412139764    0.412139367
   41.460066650    0.412139602    0.412139503
   41.590035511    0.412139963    0.412139615
   41.720004372    0.412139757    0.412139725
   41.849973233    0.412140122    0.412139813
   41.979942094    0.412139888    0.412139903
   42.109910955    0.412140251    0.412139974
   42.239879816    0.412140003    0.412140049
   42.369848677    0.412140354    0.412140106
   42.499817538    0.412140106    0.412140169
   42.629786399    0.412140436    0.412140216
   42.759755260    0.412140199    0.412140269
   42.889724121    0.412140501    0.412140308
   43.019692982    0.412140286    0.412140354
   43.149661843    0.412140551    0.412140387
   43.279630704    0.412140368    0.412140426
   43.409599564    0.412140588    0.412140454
   43.539568425    0.412140446    0.412140488
   43.669537286    0.412140616    0.412140513
   43.799506147    0.412140520    0.412140541
   43.929475008    0.412140636    0.412140563
   44.059443869    0.412140589    0.412140588
   44.189412730    0.412140649    0.412140608
   44.319381591    0.412140654    0.412140628
   44.449350452    0.412140657    0.412140646
   44.579319313    0.412140714    0.412140663
   44.709288174    0.412140662    0.412140680
   44.839257035    0.412140769    0.412140694
   44.969225896    0.412140665    0.412136623
   45.099194757    0.412140817    0.412125737
   45.229163618    0.412140667    0.412108045
   45.359132479    0.412140859    0.412083535
   45.489101340    0.412140668    0.412052221
   45.619070201    0.412140894    0.412014089
   45.749039062    0.412140670    0.411969153
   45.879007923    0.412140920    0.411917397
   46.008976784    0.412140674    0.411858839
   46.138945645    0.412140939    0.411797547
   46.268914506    0.412140678    0.411736264
   46.398883367    0.412046967    0.411674970
   46.528852228    0.411890065    0.411613685
   46.658821089    0.411733695    0.411552389
