    0.000000000    0.489800187    0.489732932
    0.128639297    0.489677356    0.489685291
    0.257278594    0.489556659    0.489637626
    0.385917891    0.489433779    0.489589984
    0.514557188    0.489313098    0.489542317
    0.643196485    0.489190227    0.489494673
    0.771835782    0.489142573    0.489447004
    0.900475079    0.489141547    0.489399358
    1.029114376    0.489142509    0.489351689
    1.157753673    0.489141602    0.489307216
    1.286392970    0.489142417    0.489268018
    1.415032267    0.489141676    0.489234131
    1.543671564    0.489142301    0.489205523
    1.672310861    0.489141764    0.489182221
    1.800950158    0.489142165    0.489164203
    1.929589455    0.489141861    0.489151486
    2.058228752    0.489142016    0.489144059
    2.186868049    0.489141961    0.489141926
    2.315507346    0.489141859    0.489141912
    2.444146643    0.489142056    0.489141892
    2.572785940    0.489141702    0.489141878
    2.701425237    0.489142141    0.489141853
    2.830064534    0.489141550    0.489141839
    2.958703831    0.489142209    0.489141808
    3.087343128    0.489141408    0.489141794
    3.215982425    0.489142253    0.489141758
    3.344621722    0.489141281    0.489141742
    3.473261019    0.489142268    0.489141701
    3.601900316    0.489141173    0.489141682
    3.730539613    0.489142250    0.489141635
    3.859178910    0.489141086    0.489141611
    3.987818207    0.489142195    0.489141560
    4.116457504    0.489141020    0.489141529
    4.245096801    0.489142101    0.489141471
    4.373736098    0.489140973    0.489141432
    4.502375395    0.489141966    0.489141367
    4.631014692    0.489140942    0.489141316
    4.759653989    0.489141789    0.489141242
    4.888293286    0.489140919    0.489141176
    5.016932583    0.489141571    0.489141090
    5.145571880    0.489140897    0.489141005
    5.274211177    0.489141310    0.489140902
    5.402850474    0.489140864    0.489140793
    5.531489771    0.489141005    0.489140668
    5.660129068    0.489140806    0.489140526
    5.788768365    0.489140653    0.489140370
    5.917407662    0.489140704    0.489140186
    6.046046959    0.489140249    0.489139988
    6.174686256    0.489140536    0.489139749
    6.303325553    0.489139779    0.489139492
    6.431964850    0.489140273    0.489139179
    6.560604147    0.489139229    0.489138843
    6.689243444    0.489139882    0.489138432
    6.817882741    0.489138569    0.489137985
    6.946522038    0.489139316    0.489137443
    7.075161335    0.489137759    0.489136845
    7.203800632    0.489138518    0.489136124
    7.332439929    0.489136742    0.489135320
    7.461079226    0.489137412    0.489134360
    7.589718523    0.489135435    0.489133278
    7.718357820    0.489135895    0.489131992
    7.846997117    0.489133722    0.489130526
    7.975636414    0.489133832    0.489128795
    8.104275711    0.489131444    0.489126802
    8.232915008    0.489131039    0.489124459
    8.361554305    0.489128381    0.489121744
    8.490193602    0.489127262    0.489118561
    8.618832899    0.489124227    0.489114855
    8.747472196    0.489122155    0.489110517
    8.876111493    0.489118616    0.489105450
    9.004750790    0.489115361    0.489099524
    9.133390087    0.489110975    0.489092586
    9.262029384    0.489106064    0.489084474
    9.390668681    0.489100452    0.489074961
    9.519307978    0.489093399    0.489063836
    9.647947275    0.489085985    0.489050779
    9.776586572    0.489076123    0.489035498
    9.905225869    0.489066102    0.489017552
   10.033865166    0.489052518    0.488996536
   10.162504463    0.489038756    0.488971848
   10.291143760    0.489020194    0.488942917
   10.419783057    0.489001123    0.488908925
   10.548422354    0.488975852    0.488869065
   10.677061651    0.488949317    0.488822237
   10.805700948    0.488914938    0.488767308
   10.934340245    0.488877956    0.488702795
   11.062979542    0.488831116    0.488627115
   11.191618839    0.488779577    0.488538270
   11.320258136    0.488715626    0.488434066
   11.448897433    0.488643895    0.488311814
   11.577536730    0.488556405    0.488168500
   11.706176027    0.488456741    0.488000515
   11.834815324    0.488336803    0.487803748
   11.963454621    0.488198579    0.487573356
   12.092093918    0.488033940    0.487303760
   12.220733215    0.487842694    0.486988456
   12.349372512    0.487616646    0.486619901
   12.478011809    0.487352753    0.486189363
   12.606651106    0.487042551    0.485686659
   12.735290403    0.486679432    0.485100038
   12.863929700    0.486254318    0.484415747
   12.992568997    0.485756287    0.483617921
   13.121208294    0.485175097    0.482687947
   13.249847591    0.484494571    0.481604334
   13.378486888    0.483702105    0.480341838
   13.507126185    0.482775123    0.478871229
   13.635765482    0.481697342    0.477158117
   13.764404779    0.480438171    0.475162529
   13.893044076    0.478975587    0.472837414
   14.021683373    0.477268906    0.470128007
   14.150322670    0.475287312    0.466970038
   14.278961967    0.472976932    0.463288834
   14.407601264    0.470293893    0.458997187
   14.536240561    0.467166993    0.453993974
   14.664879858    0.463533643    0.448161463
   14.793519155    0.459299393    0.441363106
   14.922158452    0.454374586    0.433439978
   15.050797749    0.448632352    0.424207283
   15.179437046    0.441944170    0.413449429
   15.308076343    0.434139008    0.400916450
   15.436715640    0.425036394    0.386325207
   15.565354937    0.414409266    0.369364107
   15.693994234    0.402011743    0.349699775
   15.822633531    0.387546418    0.326982730
   15.951272828    0.370682393    0.300851847
   16.079912125    0.351027351    0.270930674
   16.208551422    0.328132359    0.236825122
   16.337190719    0.301470155    0.198137946
   16.465830016    0.270423141    0.154530758
   16.594469313    0.234266694    0.105755274
   16.723108610    0.192179668    0.051692173
   16.851747907    0.143376986   -0.007543906
   16.980387204    0.087163615   -0.071524758
   17.109026501    0.023007667   -0.139462522
   17.237665798   -0.049515102   -0.210217174
   17.366305095   -0.130716410   -0.282378089
   17.494944392   -0.221019996   -0.354384780
   17.623583689   -0.320894043   -0.424628667
   17.752222986   -0.430505663   -0.491538873
   17.880862283   -0.548590740   -0.553685823
   18.009501580   -0.673203764   -0.609886688
   18.138140877   -0.801507171   -0.659264376
   18.266780174   -0.928290804   -0.701244000
   18.395419471   -1.046523196   -0.735515050
   18.524058768   -1.148159303   -0.761961045
   18.652698065   -1.225345268   -0.780582330
   18.781337362   -1.272154611   -0.791484991
   18.909976659   -1.285471507   -0.794850769
   19.038615956   -1.264582052   -0.790879520
   19.167255253   -1.210802371   -0.779781311
   19.295894550   -1.127909710   -0.761792182
   19.424533847   -1.022196733   -0.737239074
   19.553173144   -0.901420133   -0.706562525
   19.681812441   -0.773351693   -0.670343405
   19.810451738   -0.644857156   -0.629389133
   19.939091035   -0.521094278   -0.584796454
   20.067730332   -0.405281884   -0.537984068
   20.196369629   -0.300276300   -0.490678658
   20.325008926   -0.208129301   -0.444834554
   20.453648223   -0.129681276   -0.402514308
   20.582287520   -0.065635232   -0.365774866
   20.710926817   -0.016755714   -0.336522274
   20.839566114    0.016130761   -0.316373344
   20.968205411    0.032356860   -0.306521751
   21.096844708    0.031532579   -0.307582781
   21.225484005    0.013657461   -0.319518946
   21.354123302   -0.020891587   -0.341639240
   21.482762599   -0.071474422   -0.372685352
   21.611401896   -0.137320824   -0.410997779
   21.740041193   -0.217740236   -0.454635901
   21.868680490   -0.312105842   -0.501516374
   21.997319787   -0.419574881   -0.549573702
   22.125959084   -0.537992764   -0.596870270
   22.254598381   -0.664484328   -0.641697638
   22.383237678   -0.795610087   -0.682655792
   22.511876975   -0.925823815   -0.718672416
   22.640516272   -1.047883496   -0.748975946
   22.769155569   -1.153623907   -0.773038584
   22.897794866   -1.235154856   -0.790501719
   23.026434163   -1.286467719   -0.801162107
   23.155073460   -1.303953108   -0.804946679
   23.283712757   -1.286380170   -0.801851108
   23.412352054   -1.234999829   -0.791928270
   23.540991351   -1.153456298   -0.775299646
   23.669630648   -1.047785168   -0.752216802
   23.798269945   -0.925906791   -0.723085557
   23.926909242   -0.796025481   -0.688478761
   24.055548539   -0.665448606   -0.649210910
   24.184187836   -0.539783227   -0.606396967
   24.312827133   -0.422543688   -0.561482819
   24.441466430   -0.316663349   -0.516232485
   24.570105727   -0.224365966   -0.472647201
   24.698745024   -0.146542103   -0.432840436
   24.827384321   -0.083880562   -0.398893641
   24.956023618   -0.037116539   -0.372671459
   25.084662915   -0.007087364   -0.355696769
   25.213302212    0.005534309   -0.349007148
   25.341941509    0.000346233   -0.352977009
   25.470580806   -0.022663243   -0.367262071
   25.599220103   -0.063162817   -0.390855070
   25.727859400   -0.120598502   -0.422246157
   25.856498697   -0.194397157   -0.459626236
   25.985137994   -0.284006203   -0.501011503
   26.113777291   -0.388397501   -0.544367595
   26.242416588   -0.505603881   -0.587781535
   26.371055885   -0.631889644   -0.629589704
   26.499695182   -0.763038433   -0.668435583
   26.628334479   -0.893923883   -0.703251509
   26.756973776   -1.017213588   -0.733216906
   26.885613073   -1.124581921   -0.757708155
   27.014252370   -1.208087588   -0.776235150
   27.142891667   -1.261778216   -0.788367392
   27.271530964   -1.282285501   -0.793729618
   27.400170261   -1.268524496   -0.791977960
   27.528809558   -1.221556092   -0.782772860
   27.657448855   -1.145062712   -0.765813875
   27.786088152   -1.045468443   -0.740881292
   27.914727449   -0.930571764   -0.707912798
   28.043366746   -0.807853672   -0.667014721
   28.172006043   -0.683669818   -0.618496015
   28.300645340   -0.562952489   -0.562955128
   28.429284637   -0.448784136   -0.501320302
   28.557923934   -0.342204374   -0.434831218
   28.686563231   -0.243929710   -0.364958196
   28.815202528   -0.154109023   -0.293292968
   28.943841825   -0.072288903   -0.221453994
   29.072481122    0.001659171   -0.150995262
   29.201120419    0.067845530   -0.083295470
   29.329759716    0.126385702   -0.019440373
   29.458399013    0.177617334    0.039834836
   29.587038310    0.222006370    0.094130390
   29.715677607    0.260226806    0.143331557
   29.844316904    0.293019067    0.187545464
   29.972956201    0.321161361    0.227019739
   30.101595498    0.345301288    0.262052439
   30.230234795    0.366014735    0.292977570
   30.358874092    0.383771919    0.320139239
   30.487513389    0.398994745    0.343865451
   30.616152686    0.412032494    0.364481120
   30.744791983    0.423198794    0.382309141
   30.873431280    0.432758049    0.397669076
   31.002070577    0.440944052    0.410867971
   31.130709874    0.447957023    0.422193735
   31.259349171    0.453967379    0.431906680
   31.387988468    0.459124195    0.440235656
   31.516627765    0.463547720    0.447377037
   31.645267062    0.467348312    0.453499503
   31.773906359    0.470609364    0.458747773
   31.902545656    0.473413964    0.463246408
   32.031184953    0.475819565    0.467102476
   32.159824250    0.477889999    0.470408035
   32.288463547    0.479664212    0.473242163
   32.417102844    0.481191922    0.475672567
   32.545742141    0.482498943    0.477757274
   32.674381438    0.483624546    0.479545714
   32.803020735    0.484585510    0.481080238
   32.931660032    0.485413125    0.482396830
   33.060299329    0.486117998    0.483526447
   33.188938626    0.486724946    0.484495384
   33.317577923    0.487240524    0.485326395
   33.446217220    0.487684318    0.486038790
   33.574856517    0.488060351    0.486649369
   33.703495814    0.488383740    0.487172359
   33.832135111    0.488657336    0.487620197
   33.960774408    0.488892322    0.488003397
   34.089413705    0.489091128    0.488331188
   34.218053002    0.489261429    0.488611357
   34.346692299    0.489405821    0.488850753
   34.475331596    0.489528910    0.489055144
   34.603970893    0.489633862    0.489229599
   34.732610190    0.489722606    0.489378397
   34.861249487    0.489799068    0.489505278
   34.989888784    0.489862875    0.489613412
   35.118528081    0.489918769    0.489705547
   35.247167378    0.489964481    0.489784033
   35.375806675    0.490005522    0.489850869
   35.504445972    0.490038134    0.489907797
   35.633085269    0.490068443    0.489956254
   35.761724566    0.490091602    0.489997536
   35.890363863    0.490114123    0.490032664
   36.019003160    0.490130475    0.490062608
   36.147642457    0.490147300    0.490088086
   36.276281754    0.490158779    0.490109823
   36.404921051    0.490171407    0.490128315
   36.533560348    0.490179437    0.490144110
   36.662199645    0.490188932    0.490157545
   36.790838942    0.490194553    0.490169036
   36.919478239    0.490201668    0.490178810
   37.048117536    0.490205637    0.490187182
   37.176756833    0.490210913    0.490194303
   37.305396130    0.490213786    0.490200413
   37.434035427    0.490217616    0.490205610
   37.562674724    0.490219854    0.490210076
   37.691314021    0.490222556    0.490213878
   37.819953318    0.490224387    0.490217148
   37.948592615    0.490226154    0.490219937
   38.077231912    0.490227774    0.490222336
   38.205871209    0.490228778    0.490224389
   38.334510506    0.490230315    0.490226153
   38.463149803    0.490230702    0.490227671
   38.591789100    0.490232227    0.490228972
   38.720428397    0.490232120    0.490230101
   38.849067694    0.490233666    0.490231064
   38.977706991    0.490233180    0.490231910
   39.106346288    0.490234748    0.490232624
   39.234985585    0.490233987    0.490233261
   39.363624882    0.490235556    0.490233791
   39.492264179    0.490234617    0.490234274
   39.620903476    0.490236153    0.490234670
   39.749542773    0.490235128    0.490235040
   39.878182070    0.490236583    0.490235337
   40.006821367    0.490235557    0.490235623
   40.135460664    0.490236885    0.490235847
   40.264099961    0.490235931    0.490236070
   40.392739258    0.490237085    0.490236242
   40.521378555    0.490236269    0.490236418
   40.650017852    0.490237206    0.490236552
   40.778657149    0.490236580    0.490236691
   40.907296446    0.490237268    0.490236798
   41.035935743    0.490236871    0.490236909
   41.164575040    0.490237286    0.490236996
   41.293214337    0.490237143    0.490237084
   41.421853634    0.490237276    0.490237157
   41.550492931    0.490237395    0.490237228
   41.679132228    0.490237249    0.490237291
   41.807771525    0.490237626    0.490237348
   41.936410822    0.490237216    0.490237404
   42.065050119    0.490237831    0.490237449
   42.193689416    0.490237186    0.490237500
   42.322328713    0.490238008    0.490237535
   42.450968010    0.490237168    0.490237583
   42.579607307    0.490238153    0.490237610
   42.708246604    0.490237166    0.490237655
   42.836885901    0.490238264    0.490237675
   42.965525198    0.490237185    0.490237717
   43.094164495    0.490238341    0.490237733
   43.222803792    0.490237227    0.490237772
   43.351443089    0.490238382    0.490237785
   43.480082386    0.490237294    0.490237821
   43.608721683    0.490238389    0.490237831
   43.737360980    0.490237385    0.490237863
   43.866000277    0.490238364    0.490237872
   43.994639574    0.490237496    0.490237901
   44.123278871    0.490238312    0.490237908
   44.251918168    0.490237625    0.490237933
   44.380557465    0.490238237    0.490237941
   44.509196762    0.490237766    0.490234784
   44.637836059    0.490238145    0.490226321
   44.766475356    0.490237913    0.490212570
   44.895114653    0.490238041    0.490193518
   45.023753950    0.490238061    0.490169173
   45.152393247    0.490237934    0.490139532
   45.281032544    0.490238203    0.490104593
   45.409671841    0.490237828    0.490064364
   45.538311138    0.490238333    0.490018831
   45.666950435    0.490237731    0.489971190
   45.795589732    0.490238445    0.489923534
   45.924229029    0.490164580    0.489875894
   46.052868326    0.490043686    0.489828235
   46.181507623    0.489920957    0.489780594
