    0.000000000    0.310509885    0.310718872
    0.131267995    0.310902891    0.310879674
    0.262535990    0.311296035    0.311040476
    0.393803985    0.311689026    0.311201276
    0.525071980    0.312082181    0.311362075
    0.656339976    0.312475155    0.311522873
    0.787607971    0.312632479    0.311683670
    0.918875966    0.312632364    0.311844465
    1.050143961    0.312632473    0.311999899
    1.181411956    0.312632339    0.312141039
    1.312679951    0.312632462    0.312264310
    1.443947946    0.312632309    0.312369713
    1.575215941    0.312632445    0.312457248
    1.706483936    0.312632274    0.312526914
    1.837751931    0.312632424    0.312578713
    1.969019927    0.312632234    0.312612643
    2.100287922    0.312632398    0.312628705
    2.231555917    0.312632190    0.312632259
    2.362823912    0.312632365    0.312632238
    2.494091907    0.312632141    0.312632215
    2.625359902    0.312632327    0.312632191
    2.756627897    0.312632087    0.312632166
    2.887895892    0.312632281    0.312632139
    3.019163887    0.312632028    0.312632110
    3.150431882    0.312632229    0.312632079
    3.281699878    0.312631965    0.312632047
    3.412967873    0.312632168    0.312632013
    3.544235868    0.312631896    0.312631977
    3.675503863    0.312632100    0.312631938
    3.806771858    0.312631822    0.312631897
    3.938039853    0.312632021    0.312631854
    4.069307848    0.312631741    0.312631808
    4.200575843    0.312631932    0.312631760
    4.331843838    0.312631653    0.312631707
    4.463111834    0.312631830    0.312631652
    4.594379829    0.312631557    0.312631592
    4.725647824    0.312631714    0.312631528
    4.856915819    0.312631449    0.312631458
    4.988183814    0.312631581    0.312631384
    5.119451809    0.312631327    0.312631302
    5.250719804    0.312631427    0.312631215
    5.381987799    0.312631187    0.312631118
    5.513255794    0.312631248    0.312631013
    5.644523789    0.312631024    0.312630896
    5.775791785    0.312631038    0.312630768
    5.907059780    0.312630829    0.312630626
    6.038327775    0.312630787    0.312630468
    6.169595770    0.312630594    0.312630291
    6.300863765    0.312630484    0.312630092
    6.432131760    0.312630304    0.312629869
    6.563399755    0.312630113    0.312629617
    6.694667750    0.312629940    0.312629332
    6.825935745    0.312629653    0.312629008
    6.957203741    0.312629476    0.312628639
    7.088471736    0.312629073    0.312628218
    7.219739731    0.312628878    0.312627735
    7.351007726    0.312628334    0.312627181
    7.482275721    0.312628097    0.312626545
    7.613543716    0.312627380    0.312625815
    7.744811711    0.312627068    0.312624977
    7.876079706    0.312626135    0.312623993
    8.007347701    0.312625700    0.312622836
    8.138615696    0.312624495    0.312621510
    8.269883692    0.312623873    0.312619989
    8.401151687    0.312622317    0.312618222
    8.532419682    0.312621417    0.312616167
    8.663687677    0.312619404    0.312613773
    8.794955672    0.312618101    0.312610981
    8.926223667    0.312615499    0.312607723
    9.057491662    0.312613782    0.312603917
    9.188759657    0.312610435    0.312599468
    9.320027652    0.312607055    0.312594265
    9.451295647    0.312602463    0.312588175
    9.582563643    0.312599235    0.312581044
    9.713831638    0.312593417    0.312572687
    9.845099633    0.312587993    0.312562892
    9.976367628    0.312580129    0.312551405
   10.107635623    0.312572475    0.312537930
   10.238903618    0.312561911    0.312522116
   10.370171613    0.312551147    0.312503553
   10.501439608    0.312536883    0.312481752
   10.632707603    0.312521811    0.312456145
   10.763975599    0.312502454    0.312426082
   10.895243594    0.312481404    0.312390786
   11.026511589    0.312455010    0.312349304
   11.157779584    0.312425670    0.312300554
   11.289047579    0.312389553    0.312243282
   11.420315574    0.312348739    0.312176009
   11.551583569    0.312299184    0.312096998
   11.682851564    0.312242491    0.312004225
   11.814119559    0.312174344    0.311895319
   11.945387554    0.312095682    0.311767519
   12.076655550    0.312001846    0.311617593
   12.207923545    0.311892871    0.311441783
   12.339191540    0.311763612    0.311235699
   12.470459535    0.311612873    0.310994234
   12.601727530    0.311434810    0.310711404
   12.732995525    0.311226620    0.310380264
   12.864263520    0.310981509    0.309992738
   12.995531515    0.310694603    0.309539392
   13.126799510    0.310357775    0.309009183
   13.258067506    0.309963403    0.308389252
   13.389335501    0.309501414    0.307664562
   13.520603496    0.308960564    0.306817538
   13.651871491    0.308328061    0.305827575
   13.783139486    0.307588096    0.304670503
   13.914407481    0.306723832    0.303317896
   14.045675476    0.305712340    0.301736301
   14.176943471    0.304532713    0.299886236
   14.308211466    0.303154443    0.297721042
   14.439479461    0.301546242    0.295185413
   14.570747457    0.299666277    0.292213730
   14.702015452    0.297473573    0.288728030
   14.833283447    0.294910086    0.284635739
   14.964551442    0.291918391    0.279826894
   15.095819437    0.288417942    0.274170857
   15.227087432    0.284327375    0.267512432
   15.358355427    0.279534426    0.259669370
   15.489623422    0.273923073    0.250433098
   15.620891417    0.267335510    0.239572803
   15.752159412    0.259604056    0.226843531
   15.883427408    0.250504379    0.212004662
   16.014695403    0.239793935    0.194841510
   16.145963398    0.227156482    0.175180428
   16.277231393    0.212247521    0.152905448
   16.408499388    0.194625272    0.127981101
   16.539767383    0.173797732    0.100481419
   16.671035378    0.149147729    0.070592679
   16.802303373    0.120069438    0.038567273
   16.933571368    0.085970764    0.004697342
   17.064839364    0.046421305   -0.030667598
   17.196107359    0.001177901   -0.067083429
   17.327375354   -0.049387434   -0.104017419
   17.458643349   -0.104578771   -0.140937604
   17.589911344   -0.163368986   -0.177336215
   17.721179339   -0.224346447   -0.212689048
   17.852447334   -0.285496360   -0.246416523
   17.983715329   -0.344153311   -0.277915840
   18.114983324   -0.398205910   -0.306647266
   18.246251319   -0.447050177   -0.332131343
   18.377519315   -0.489769270   -0.353913382
   18.508787310   -0.525029533   -0.371553065
   18.640055305   -0.550327453   -0.384664663
   18.771323300   -0.564659672   -0.392981675
   18.902591295   -0.569530146   -0.396374288
   19.033859290   -0.565058333   -0.394837915
   19.165127285   -0.551062299   -0.388489903
   19.296395280   -0.526073796   -0.377577992
   19.427663275   -0.491473154   -0.362495578
   19.558931271   -0.449764132   -0.343764081
   19.690199266   -0.402318100   -0.321971020
   19.821467261   -0.350051421   -0.297738086
   19.952735256   -0.293702563   -0.271737207
   20.084003251   -0.235608529   -0.244728172
   20.215271246   -0.178549558   -0.217552643
   20.346539241   -0.124691583   -0.191042279
   20.477807236   -0.075655778   -0.165987996
   20.609075231   -0.032747116   -0.143162453
   20.740343226    0.003028374   -0.123336197
   20.871611222    0.030948161   -0.107228689
   21.002879217    0.050878511   -0.095403520
   21.134147212    0.062760061   -0.088248304
   21.265415207    0.066669590   -0.085984157
   21.396683202    0.062570300   -0.088677992
   21.527951197    0.050470250   -0.096257977
   21.659219192    0.030265910   -0.108497723
   21.790487187    0.002000305   -0.125005052
   21.921755182   -0.034200362   -0.145212133
   22.053023177   -0.077596390   -0.168398475
   22.184291173   -0.127184421   -0.193796015
   22.315559168   -0.181632172   -0.220633480
   22.446827163   -0.239297675   -0.248119584
   22.578095158   -0.297955060   -0.275421455
   22.709363153   -0.354791974   -0.301700520
   22.840631148   -0.407490756   -0.326204060
   22.971899143   -0.455339672   -0.348267023
   23.103167138   -0.497367236   -0.367274208
   23.234435133   -0.532196378   -0.382645799
   23.365703129   -0.557262566   -0.393872971
   23.496971124   -0.571339391   -0.400581232
   23.628239119   -0.575871085   -0.402548010
   23.759507114   -0.571000835   -0.399689262
   23.890775109   -0.556561102   -0.392053377
   24.022043104   -0.531082650   -0.379826631
   24.153311099   -0.495766545   -0.363345884
   24.284579094   -0.453149331   -0.343080188
   24.415847089   -0.404580506   -0.319566447
   24.547115084   -0.350999436   -0.293372581
   24.678383080   -0.293084360   -0.265110627
   24.809651075   -0.233111264   -0.235474928
   24.940919070   -0.173848988   -0.205244618
   25.072187065   -0.117470046   -0.175200726
   25.203455060   -0.065561664   -0.146103023
   25.334723055   -0.019389201   -0.118729033
   25.465991050    0.020113270   -0.093901380
   25.597259045    0.052292565   -0.072436271
   25.728527040    0.077115345   -0.055023297
   25.859795036    0.094658815   -0.042186534
   25.991063031    0.105164388   -0.034280960
   26.122331026    0.108797970   -0.031490164
   26.253599021    0.105713829   -0.033823166
   26.384867016    0.095817871   -0.041112638
   26.516135011    0.078902905   -0.053048173
   26.647403006    0.054524107   -0.069220540
   26.778671001    0.022369513   -0.089160654
   26.909938996   -0.017596535   -0.112341515
   27.041206991   -0.064787866   -0.138153075
   27.172474987   -0.117957181   -0.165880320
   27.303742982   -0.174955046   -0.194720005
   27.435010977   -0.232779678   -0.223876466
   27.566278972   -0.288509061   -0.252595827
   27.697546967   -0.340338656   -0.280129816
   27.828814962   -0.387358373   -0.305696948
   27.960082957   -0.429124202   -0.328522130
   28.091350952   -0.465491649   -0.347959042
   28.222618947   -0.496824218   -0.363525971
   28.353886942   -0.522409594   -0.374868818
   28.485154938   -0.540893240   -0.381712982
   28.616422933   -0.549697634   -0.383855002
   28.747690928   -0.547474312   -0.381194416
   28.878958923   -0.535586773   -0.373765656
   29.010226918   -0.514102782   -0.361746497
   29.141494913   -0.482880928   -0.345427450
   29.272762908   -0.440541162   -0.325172703
   29.404030903   -0.389046082   -0.301393901
   29.535298898   -0.332751049   -0.274523553
   29.666566894   -0.275300172   -0.244982922
   29.797834889   -0.219012128   -0.213186283
   29.929102884   -0.164515511   -0.179574443
   30.060370879   -0.112478418   -0.144655410
   30.191638874   -0.063368020   -0.109005972
   30.322906869   -0.017501273   -0.073185436
   30.454174864    0.025055538   -0.037706261
   30.585442859    0.064134807   -0.003070696
   30.716710854    0.099377032    0.030194392
   30.847978849    0.130407684    0.061583630
   30.979246845    0.157271783    0.090742145
   31.110514840    0.180200116    0.117502599
   31.241782835    0.199618185    0.141838003
   31.373050830    0.215999932    0.163792376
   31.504318825    0.229846679    0.183442631
   31.635586820    0.241556615    0.200894342
   31.766854815    0.251485917    0.216273377
   31.898122810    0.259908200    0.229716396
   32.029390805    0.267072955    0.241367115
   32.160658801    0.273168835    0.251382712
   32.291926796    0.278370381    0.259938362
   32.423194791    0.282807136    0.267217828
   32.554462786    0.286601656    0.273399552
   32.685730781    0.289843810    0.278647866
   32.816998776    0.292620958    0.283107360
   32.948266771    0.294996354    0.286901052
   33.079534766    0.297032481    0.290132034
   33.210802761    0.298775745    0.292886691
   33.342070756    0.300271359    0.295237479
   33.473338752    0.301550644    0.297245286
   33.604606747    0.302647440    0.298961328
   33.735874742    0.303585891    0.300428803
   33.867142737    0.304390056    0.301684209
   33.998410732    0.305077716    0.302758488
   34.129678727    0.305666390    0.303677910
   34.260946722    0.306169487    0.304464844
   34.392214717    0.306599567    0.305138349
   34.523482712    0.306966948    0.305714721
   34.654750707    0.307280485    0.306207862
   34.786018703    0.307548281    0.306629660
   34.917286698    0.307776372    0.306990324
   35.048554693    0.307971263    0.307298631
   35.179822688    0.308136860    0.307562083
   35.311090683    0.308278523    0.307787125
   35.442358678    0.308398553    0.307979280
   35.573626673    0.308501479    0.308143294
   35.704894668    0.308588380    0.308283235
   35.836162663    0.308663172    0.308402598
   35.967430659    0.308726022    0.308504376
   36.098698654    0.308780400    0.308591137
   36.229966649    0.308825814    0.308665079
   36.361234644    0.308865399    0.308728073
   36.492502639    0.308898191    0.308781726
   36.623770634    0.308927065    0.308827448
   36.755038629    0.308950726    0.308866414
   36.886306624    0.308971838    0.308899612
   37.017574619    0.308988895    0.308927892
   37.148842614    0.309004379    0.308951990
   37.280110610    0.309016660    0.308972528
   37.411378605    0.309028061    0.308990035
   37.542646600    0.309036890    0.309004962
   37.673914595    0.309045295    0.309017695
   37.805182590    0.309051091    0.309028558
   37.936450585    0.309057293    0.309037831
   38.067718580    0.309062589    0.309045749
   38.198986575    0.309067332    0.309052514
   38.330254570    0.309070420    0.309058297
   38.461522566    0.309073930    0.309063242
   38.592790561    0.309076266    0.309067475
   38.724058556    0.309078931    0.309071100
   38.855326551    0.309080596    0.309074207
   38.986594546    0.309082627    0.309076872
   39.117862541    0.309083819    0.309079161
   39.249130536    0.309085375    0.309081141
   39.380398531    0.309086225    0.309082860
   39.511666526    0.309087423    0.309084329
   39.642934521    0.309088030    0.309085580
   39.774202517    0.309088957    0.309086661
   39.905470512    0.309089393    0.309087599
   40.036738507    0.309090113    0.309088412
   40.168006502    0.309090430    0.309089117
   40.299274497    0.309090992    0.309089730
   40.430542492    0.309091227    0.309090263
   40.561810487    0.309091666    0.309090728
   40.693078482    0.309091846    0.309091135
   40.824346477    0.309092189    0.309091491
   40.955614472    0.309092332    0.309091804
   41.086882468    0.309092600    0.309092080
   41.218150463    0.309092719    0.309092324
   41.349418458    0.309092927    0.309092540
   41.480686453    0.309093031    0.309092732
   41.611954448    0.309093193    0.309092903
   41.743222443    0.309093286    0.309093057
   41.874490438    0.309093411    0.309093194
   42.005758433    0.309093498    0.309093319
   42.137026428    0.309093594    0.309093431
   42.268294424    0.309093677    0.309093534
   42.399562419    0.309093750    0.309093627
   42.530830414    0.309093829    0.309093713
   42.662098409    0.309093884    0.309093791
   42.793366404    0.309093959    0.309093864
   42.924634399    0.309094002    0.309093930
   43.055902394    0.309094073    0.309093993
   43.187170389    0.309094106    0.309094050
   43.318438384    0.309094173    0.309094104
   43.449706379    0.309094199    0.309094155
   43.580974375    0.309094262    0.309094202
   43.712242370    0.309094283    0.309094246
   43.843510365    0.309094341    0.309094288
   43.974778360    0.309094358    0.309094327
   44.106046355    0.309094411    0.309094364
   44.237314350    0.309094426    0.309094398
   44.368582345    0.309094474    0.309094431
   44.499850340    0.309094487    0.309094462
   44.631118335    0.309094531    0.309094491
   44.762386330    0.309094541    0.309094518
   44.893654326    0.309094581    0.309094544
   45.024922321    0.309094589    0.309094568
   45.156190316    0.309094627    0.309094590
   45.287458311    0.309094631    0.309094612
   45.418726306    0.309094667    0.309099991
   45.549994301    0.309094668    0.309119663
   45.681262296    0.309094702    0.309157201
   45.812530291    0.309094698    0.309212604
   45.943798286    0.309094733    0.309285872
   46.075066282    0.309094723    0.309377007
   46.206334277    0.309094760    0.309486006
   46.337602272    0.309094741    0.309612872
   46.468870267    0.309094782    0.309757603
   46.600138262    0.309094755    0.309914840
   46.731406257    0.309094801    0.310075648
   46.862674252    0.309330605    0.310236456
   46.993942247    0.309723731    0.310397262
   47.125210242    0.310116751    0.310558068
