    0.000000000    0.418120597    0.417504748
    0.131893421    0.416962598    0.417031017
    0.263786842    0.415804580    0.416557286
    0.395680263    0.414646578    0.416083555
    0.527573684    0.413488562    0.415609823
    0.659467105    0.412330557    0.415136091
    0.791360526    0.411867348    0.414662359
    0.923253946    0.411867351    0.414188626
    1.055147367    0.411867347    0.413730685
    1.187040788    0.411867347    0.413314852
    1.318934209    0.411867345    0.412951656
    1.450827630    0.411867342    0.412641096
    1.582721051    0.411867341    0.412383173
    1.714614472    0.411867335    0.412177886
    1.846507893    0.411867337    0.412025236
    1.978401314    0.411867327    0.411925221
    2.110294735    0.411867330    0.411877843
    2.242188156    0.411867318    0.411867310
    2.374081577    0.411867322    0.411867304
    2.505974997    0.411867306    0.411867296
    2.637868418    0.411867312    0.411867288
    2.769761839    0.411867291    0.411867279
    2.901655260    0.411867298    0.411867268
    3.033548681    0.411867273    0.411867256
    3.165442102    0.411867281    0.411867242
    3.297335523    0.411867250    0.411867227
    3.429228944    0.411867258    0.411867209
    3.561122365    0.411867221    0.411867189
    3.693015786    0.411867229    0.411867165
    3.824909207    0.411867185    0.411867139
    3.956802628    0.411867190    0.411867109
    4.088696049    0.411867138    0.411867074
    4.220589469    0.411867140    0.411867034
    4.352482890    0.411867078    0.411866989
    4.484376311    0.411867075    0.411866936
    4.616269732    0.411866999    0.411866875
    4.748163153    0.411866988    0.411866805
    4.880056574    0.411866896    0.411866725
    5.011949995    0.411866872    0.411866632
    5.143843416    0.411866759    0.411866524
    5.275736837    0.411866719    0.411866399
    5.407630258    0.411866579    0.411866255
    5.539523679    0.411866514    0.411866087
    5.671417100    0.411866338    0.411865893
    5.803310521    0.411866239    0.411865668
    5.935203941    0.411866017    0.411865406
    6.067097362    0.411865870    0.411865102
    6.198990783    0.411865585    0.411864749
    6.330884204    0.411865373    0.411864339
    6.462777625    0.411865005    0.411863861
    6.594671046    0.411864703    0.411863305
    6.726564467    0.411864223    0.411862658
    6.858457888    0.411863797    0.411861904
    6.990351309    0.411863166    0.411861026
    7.122244730    0.411862570    0.411860003
    7.254138151    0.411861735    0.411858810
    7.386031572    0.411860908    0.411857419
    7.517924992    0.411859796    0.411855802
    7.649818413    0.411858652    0.411853920
    7.781711834    0.411857164    0.411851728
    7.913605255    0.411855586    0.411849173
    8.045498676    0.411853586    0.411846192
    8.177392097    0.411851415    0.411842711
    8.309285518    0.411848718    0.411838647
    8.441178939    0.411845737    0.411833899
    8.573072360    0.411842088    0.411828351
    8.704965781    0.411837999    0.411821868
    8.836859202    0.411833075    0.411814289
    8.968752623    0.411827637    0.411805432
    9.100646044    0.411821033    0.411795078
    9.232539464    0.411813486    0.411782978
    9.364432885    0.411804457    0.411768837
    9.496326306    0.411794070    0.411752315
    9.628219727    0.411781728    0.411733015
    9.760113148    0.411767462    0.411710474
    9.892006569    0.411750593    0.411684157
   10.023899990    0.411731034    0.411653442
   10.155793411    0.411707988    0.411617610
   10.287686832    0.411681213    0.411575825
   10.419580253    0.411649751    0.411527122
   10.551473674    0.411613153    0.411470385
   10.683367095    0.411570249    0.411404331
   10.815260516    0.411520314    0.411327481
   10.947153936    0.411461888    0.411238133
   11.079047357    0.411393883    0.411134328
   11.210940778    0.411314458    0.411013813
   11.342834199    0.411222052    0.410874003
   11.474727620    0.411114331    0.410711926
   11.606621041    0.410989120    0.410524176
   11.738514462    0.410843439    0.410306843
   11.870407883    0.410674314    0.410055441
   12.002301304    0.410477916    0.409764827
   12.134194725    0.410250234    0.409429095
   12.266088146    0.409986338    0.409041471
   12.397981567    0.409680878    0.408594178
   12.529874987    0.409327484    0.408078274
   12.661768408    0.408919055    0.407483478
   12.793661829    0.408447332    0.406797952
   12.925555250    0.407902930    0.406008055
   13.057448671    0.407275096    0.405098041
   13.189342092    0.406551437    0.404049704
   13.321235513    0.405717869    0.402841964
   13.453128934    0.404757989    0.401450361
   13.585022355    0.403653230    0.399846459
   13.716915776    0.402381882    0.397997131
   13.848809197    0.400919410    0.395863716
   13.980702618    0.399236590    0.393401024
   14.112596039    0.397300707    0.390556184
   14.244489459    0.395072674    0.387267306
   14.376382880    0.392508262    0.383461906
   14.508276301    0.389554541    0.379055049
   14.640169722    0.386151220    0.373947071
   14.772063143    0.382225959    0.368020796
   14.903956564    0.377695745    0.361138008
   15.035849985    0.372460693    0.353135029
   15.167743406    0.366405476    0.343817003
   15.299636827    0.359391452    0.332951588
   15.431530248    0.351258471    0.320264364
   15.563423669    0.341815107    0.305437555
   15.695317090    0.330840656    0.288111458
   15.827210510    0.318072022    0.267885032
   15.959103931    0.303204287    0.244316404
   16.090997352    0.285871213    0.216926619
   16.222890773    0.265641962    0.185194224
   16.354784194    0.241991261    0.148558398
   16.486677615    0.214288875    0.106454952
   16.618571036    0.181753081    0.058393523
   16.750464457    0.143469971    0.004097464
   16.882357878    0.098448148   -0.056350387
   17.014251299    0.045709542   -0.122427649
   17.146144720   -0.015684407   -0.193165707
   17.278038141   -0.086697417   -0.267199824
   17.409931562   -0.168259397   -0.342855432
   17.541824982   -0.261185386   -0.418262774
   17.673718403   -0.366662801   -0.491493493
   17.805611824   -0.485391873   -0.560702785
   17.937505245   -0.617003290   -0.624256288
   18.069398666   -0.758833420   -0.680828643
   18.201292087   -0.904396258   -0.729469598
   18.333185508   -1.044659265   -0.769627524
   18.465078929   -1.169666672   -0.801112518
   18.596972350   -1.270152134   -0.823989179
   18.728865771   -1.338436335   -0.838428409
   18.860759192   -1.369134105   -0.844601230
   18.992652613   -1.359713446   -0.842631614
   19.124546034   -1.310924980   -0.832573343
   19.256439454   -1.226650683   -0.814420547
   19.388332875   -1.113423305   -0.788145198
   19.520226296   -0.979718340   -0.753771729
   19.652119717   -0.835260624   -0.711517738
   19.784013138   -0.689770001   -0.661938981
   19.915906559   -0.551412065   -0.606010295
   20.047799980   -0.425135893   -0.545137412
   20.179693401   -0.312572032   -0.481114629
   20.311586822   -0.213988909   -0.416044256
   20.443480243   -0.128792770   -0.352222848
   20.575373664   -0.056491492   -0.292002021
   20.707267085    0.003159844   -0.237644149
   20.839160505    0.050560360   -0.191190456
   20.971053926    0.086035541   -0.154355870
   21.102947347    0.109910396   -0.128465435
   21.234840768    0.122499390   -0.114417598
   21.366734189    0.124036858   -0.112678620
   21.498627610    0.114551190   -0.123302368
   21.630521031    0.093862801   -0.145934137
   21.762414452    0.061663164   -0.179791113
   21.894307873    0.017631235   -0.223658358
   22.026201294   -0.038553259   -0.275919800
   22.158094715   -0.107276067   -0.334613792
   22.289988136   -0.188835406   -0.397527426
   22.421881557   -0.283584461   -0.462322358
   22.553774977   -0.392215365   -0.526675611
   22.685668398   -0.514710438   -0.588421747
   22.817561819   -0.649956606   -0.645674657
   22.949455240   -0.794036259   -0.696917318
   23.081348661   -0.939469504   -0.741055824
   23.213242082   -1.076798383   -0.777425537
   23.345135503   -1.196142053   -0.805733441
   23.477028924   -1.288645651   -0.825931920
   23.608922345   -1.347221641   -0.838072374
   23.740815766   -1.367258049   -0.842216675
   23.872709187   -1.347123068   -0.838396411
   24.004602608   -1.288474155   -0.826594958
   24.136496028   -1.195946009   -0.806764343
   24.268389449   -1.076645818   -0.778864976
   24.400282870   -0.939443197   -0.742953300
   24.532176291   -0.794237083   -0.699327491
   24.664069712   -0.650504314   -0.648653340
   24.795963133   -0.515749056   -0.592021873
   24.927856554   -0.393906061   -0.530943823
   25.059749975   -0.286103248   -0.467298957
   25.191643396   -0.192357473   -0.403255470
   25.323536817   -0.111970780   -0.341162605
   25.455430238   -0.044565116   -0.283424226
   25.587323659    0.010186392   -0.232370473
   25.719217080    0.052718725   -0.190137827
   25.851110500    0.083402119   -0.158544691
   25.983003921    0.102627715   -0.138959806
   26.114897342    0.110767047   -0.132181048
   26.246790763    0.108077076   -0.138365403
   26.378684184    0.094569421   -0.157057899
   26.510577605    0.069937413   -0.187290265
   26.642471026    0.033496305   -0.227671439
   26.774364447   -0.015791363   -0.276453228
   26.906257868   -0.079317178   -0.331597506
   27.038151289   -0.158737849   -0.390873740
   27.170044710   -0.255617559   -0.451997305
   27.301938131   -0.370373488   -0.512775891
   27.433831552   -0.501571830   -0.571237292
   27.565724972   -0.644904222   -0.625728753
   27.697618393   -0.793460769   -0.674980868
   27.829511814   -0.938664166   -0.718123280
   27.961405235   -1.071569253   -0.754637485
   28.093298656   -1.183663140   -0.784251540
   28.225192077   -1.267063829   -0.806805960
   28.357085498   -1.315820278   -0.822143249
   28.488978919   -1.326712766   -0.830029426
   28.620872340   -1.299818964   -0.830100852
   28.752765761   -1.238317957   -0.821882599
   28.884659182   -1.147953879   -0.804880677
   29.016552603   -1.036275608   -0.778717733
   29.148446023   -0.911973367   -0.743280831
   29.280339444   -0.783646266   -0.698821877
   29.412232865   -0.658471879   -0.645989018
   29.544126286   -0.541112825   -0.585813666
   29.676019707   -0.433576745   -0.519678500
   29.807913128   -0.336372514   -0.449251938
   29.939806549   -0.248674280   -0.376378848
   30.071699970   -0.168823891   -0.302944748
   30.203593391   -0.095564007   -0.230734612
   30.335486812   -0.028296767   -0.161308591
   30.467380233    0.032990264   -0.095906342
   30.599273654    0.087868452   -0.035383032
   30.731167075    0.136200576    0.019812100
   30.863060495    0.178211803    0.069599307
   30.994953916    0.214271300    0.114177132
   31.126847337    0.244949017    0.153903419
   31.258740758    0.270935597    0.189199657
   31.390634179    0.292947317    0.220485539
   31.522527600    0.311621382    0.248128846
   31.654421021    0.327487672    0.272434933
   31.786314442    0.340985423    0.293670233
   31.918207863    0.352484017    0.312090061
   32.050101284    0.362292672    0.327961531
   32.181994705    0.370673478    0.341566611
   32.313888126    0.377845514    0.353186973
   32.445781547    0.383994081    0.363092248
   32.577674967    0.389272969    0.371531982
   32.709568388    0.393812242    0.378728153
   32.841461809    0.397719771    0.384871697
   32.973355230    0.401087585    0.390123594
   33.105248651    0.403992342    0.394618998
   33.237142072    0.406500072    0.398471641
   33.369035493    0.408665866    0.401777399
   33.500928914    0.410537526    0.404617182
   33.632822335    0.412155016    0.407059310
   33.764715756    0.413553311    0.409161509
   33.896609177    0.414761884    0.410972613
   34.028502598    0.415806720    0.412534005
   34.160396018    0.416709422    0.413880846
   34.292289439    0.417489408    0.415043079
   34.424182860    0.418162772    0.416046276
   34.556076281    0.418744058    0.416912322
   34.687969702    0.419245307    0.417659984
   34.819863123    0.419677493    0.418305388
   34.951756544    0.420049666    0.418862415
   35.083649965    0.420370115    0.419343032
   35.215543386    0.420645642    0.419757577
   35.347436807    0.420882505    0.420114982
   35.479330228    0.421085828    0.420422970
   35.611223649    0.421260345    0.420688229
   35.743117070    0.421409920    0.420916552
   35.875010490    0.421538116    0.421112958
   36.006903911    0.421647832    0.421281799
   36.138797332    0.421741729    0.421426846
   36.270690753    0.421821984    0.421551368
   36.402584174    0.421890576    0.421658196
   36.534477595    0.421949148    0.421749782
   36.666371016    0.421999157    0.421828248
   36.798264437    0.422041835    0.421895431
   36.930157858    0.422078238    0.421952918
   37.062051279    0.422109291    0.422002081
   37.193944700    0.422135750    0.422044106
   37.325838121    0.422158317    0.422080015
   37.457731541    0.422177526    0.422110683
   37.589624962    0.422193912    0.422136867
   37.721518383    0.422207844    0.422159213
   37.853411804    0.422219734    0.422178280
   37.985305225    0.422229828    0.422194546
   38.117198646    0.422238447    0.422208419
   38.249092067    0.422245753    0.422220251
   38.380985488    0.422251998    0.422230341
   38.512878909    0.422257337    0.422238945
   38.644772330    0.422262041    0.422246282
   38.776665751    0.422265979    0.422252540
   38.908559172    0.422269392    0.422257878
   39.040452593    0.422272229    0.422262433
   39.172346013    0.422274728    0.422266321
   39.304239434    0.422276787    0.422269640
   39.436132855    0.422278624    0.422272476
   39.568026276    0.422280117    0.422274900
   39.699919697    0.422281471    0.422276974
   39.831813118    0.422282551    0.422278751
   39.963706539    0.422283554    0.422280272
   40.095599960    0.422284334    0.422281574
   40.227493381    0.422285081    0.422282685
   40.359386802    0.422285642    0.422283635
   40.491280223    0.422286202    0.422284447
   40.623173644    0.422286602    0.422285143
   40.755067065    0.422287026    0.422285738
   40.886960485    0.422287309    0.422286249
   41.018853906    0.422287633    0.422286686
   41.150747327    0.422287831    0.422287061
   41.282640748    0.422288081    0.422287382
   41.414534169    0.422288217    0.422287659
   41.546427590    0.422288413    0.422287896
   41.678321011    0.422288504    0.422288100
   41.810214432    0.422288660    0.422288275
   41.942107853    0.422288718    0.422288426
   42.074001274    0.422288844    0.422288556
   42.205894695    0.422288878    0.422288668
   42.337788116    0.422288981    0.422288765
   42.469681536    0.422288998    0.422288849
   42.601574957    0.422289085    0.422288921
   42.733468378    0.422289090    0.422288984
   42.865361799    0.422289164    0.422289038
   42.997255220    0.422289160    0.422289085
   43.129148641    0.422289224    0.422289127
   43.261042062    0.422289213    0.422289163
   43.392935483    0.422289271    0.422289194
   43.524828904    0.422289256    0.422289221
   43.656722325    0.422289307    0.422289246
   43.788615746    0.422289289    0.422289267
   43.920509167    0.422289335    0.422289285
   44.052402588    0.422289315    0.422289302
   44.184296008    0.422289358    0.422289317
   44.316189429    0.422289337    0.422289330
   44.448082850    0.422289375    0.422289341
   44.579976271    0.422289354    0.422289351
   44.711869692    0.422289390    0.422289361
   44.843763113    0.422289369    0.422289369
   44.975656534    0.422289402    0.422289376
   45.107549955    0.422289381    0.422289383
   45.239443376    0.422289411    0.422289389
   45.371336797    0.422289391    0.422289394
   45.503230218    0.422289419    0.422289399
   45.635123639    0.422289399    0.422273613
   45.767017060    0.422289425    0.422215716
   45.898910480    0.422289407    0.422105183
   46.030803901    0.422289431    0.421942012
   46.162697322    0.422289413    0.421726204
   46.294590743    0.422289435    0.421457759
   46.426484164    0.422289418    0.421136677
   46.558377585    0.422289438    0.420762958
   46.690271006    0.422289423    0.420336601
   46.822164427    0.422289440    0.419873399
   46.954057848    0.422289426    0.419399669
   47.085951269    0.421594635    0.418925939
   47.217844690    0.420436614    0.418452209
   47.349738111    0.419278617    0.417978479
